    10 9 
7 3 0 1 
8 2 13 4 
5 11 6 12 

no swap
    10 9 
7 3 0 1 
8 2 13 4 
5 11 6 12 

swap
    10 9 
7 3 0 4 
8 2 13 1 
5 11 6 12 

swap
    10 9 
7 3 4 0 
8 2 13 1 
5 11 6 12 

swap
    10 9 
7 3 4 1 
8 2 13 0 
5 11 6 12 

swap
    10 9 
7 3 4 1 
8 2 0 13 
5 11 6 12 

swap
    10 9 
7 3 0 1 
8 2 4 13 
5 11 6 12 

swap
    10 9 
7 3 0 13 
8 2 4 1 
5 11 6 12 

swap
    10 9 
7 3 0 13 
8 2 1 4 
5 11 6 12 

no swap
    10 9 
7 3 0 13 
8 2 1 4 
5 11 6 12 

no swap
    10 9 
7 3 0 13 
8 2 1 4 
5 11 6 12 

swap
    10 9 
7 3 0 13 
5 2 1 4 
8 11 6 12 

swap
    10 9 
7 3 0 13 
2 5 1 4 
8 11 6 12 

swap
    10 9 
7 3 0 13 
2 1 5 4 
8 11 6 12 

no swap
    10 9 
7 3 0 13 
2 1 5 4 
8 11 6 12 

swap
    10 9 
7 3 0 13 
1 2 5 4 
8 11 6 12 

swap
    10 9 
7 3 0 13 
1 5 2 4 
8 11 6 12 

swap
    10 9 
7 5 0 13 
1 3 2 4 
8 11 6 12 

swap
    10 9 
7 5 0 13 
1 2 3 4 
8 11 6 12 

swap
    10 9 
7 5 0 13 
1 3 2 4 
8 11 6 12 

swap
    10 9 
1 5 0 13 
7 3 2 4 
8 11 6 12 

swap
    10 9 
1 5 0 13 
8 3 2 4 
7 11 6 12 

swap
    10 9 
1 5 0 13 
8 3 2 4 
11 7 6 12 

swap
    10 9 
1 5 0 13 
11 3 2 4 
8 7 6 12 

swap
    10 9 
1 5 0 13 
11 3 2 12 
8 7 6 4 

swap
    10 9 
1 3 0 13 
11 5 2 12 
8 7 6 4 

swap
    10 9 
1 3 0 13 
11 7 2 12 
8 5 6 4 

swap
    10 9 
1 3 0 13 
11 7 2 12 
8 6 5 4 

no swap
    10 9 
1 3 0 13 
11 7 2 12 
8 6 5 4 

swap
    10 9 
1 3 0 13 
11 7 2 12 
8 6 4 5 

swap
    10 13 
1 3 0 9 
11 7 2 12 
8 6 4 5 

swap
    10 13 
1 3 0 12 
11 7 2 9 
8 6 4 5 

swap
    10 13 
1 3 0 12 
11 7 2 5 
8 6 4 9 

swap
    10 13 
1 3 0 12 
11 7 2 5 
8 6 9 4 

swap
    10 13 
1 3 0 12 
11 7 2 5 
8 9 6 4 

swap
    0 13 
1 3 10 12 
11 7 2 5 
8 9 6 4 

swap
    0 13 
1 3 2 12 
11 7 10 5 
8 9 6 4 

swap
    0 13 
1 3 2 12 
11 7 6 5 
8 9 10 4 

swap
    0 13 
1 3 2 12 
11 7 10 5 
8 9 6 4 

swap
    0 13 
1 3 2 12 
11 7 10 5 
8 6 9 4 

no swap
    0 13 
1 3 2 12 
11 7 10 5 
8 6 9 4 

swap
    0 13 
1 3 2 12 
11 6 10 5 
8 7 9 4 

swap
    0 13 
1 3 2 12 
11 7 10 5 
8 6 9 4 

swap
    0 13 
1 3 2 12 
8 7 10 5 
11 6 9 4 

swap
    0 13 
1 3 2 12 
7 8 10 5 
11 6 9 4 

swap
    0 13 
1 3 2 12 
7 8 9 5 
11 6 10 4 

no swap
    0 13 
1 3 2 12 
7 8 9 5 
11 6 10 4 

swap
    0 13 
1 3 2 12 
7 6 9 5 
11 8 10 4 

no swap
    0 13 
1 3 2 12 
7 6 9 5 
11 8 10 4 

no swap
    0 13 
1 3 2 12 
7 6 9 5 
11 8 10 4 

no swap
    0 13 
1 3 2 12 
7 6 9 5 
11 8 10 4 

no swap
    0 13 
1 3 2 12 
7 6 9 5 
11 8 10 4 

no swap
    0 13 
1 3 2 12 
7 6 9 5 
11 8 10 4 

swap
    0 13 
1 3 2 12 
7 6 9 5 
11 10 8 4 

swap
    0 13 
1 3 2 5 
7 6 9 12 
11 10 8 4 

swap
    0 13 
1 3 2 5 
7 6 9 4 
11 10 8 12 

swap
    0 13 
1 3 2 5 
7 6 9 4 
11 10 12 8 

swap
    0 13 
1 3 2 5 
11 6 9 4 
7 10 12 8 

swap
    0 13 
11 3 2 5 
1 6 9 4 
7 10 12 8 

swap
    0 5 
11 3 2 13 
1 6 9 4 
7 10 12 8 

swap
    0 5 
3 11 2 13 
1 6 9 4 
7 10 12 8 

swap
    0 5 
3 2 11 13 
1 6 9 4 
7 10 12 8 

swap
    0 5 
3 2 11 13 
1 10 9 4 
7 6 12 8 

swap
    0 5 
3 10 11 13 
1 2 9 4 
7 6 12 8 

swap
    0 5 
3 11 10 13 
1 2 9 4 
7 6 12 8 

no swap
    0 5 
3 11 10 13 
1 2 9 4 
7 6 12 8 

no swap
    0 5 
3 11 10 13 
1 2 9 4 
7 6 12 8 

swap
    0 5 
3 11 10 13 
1 2 9 8 
7 6 12 4 

swap
    0 5 
3 11 10 8 
1 2 9 13 
7 6 12 4 

no swap
    0 5 
3 11 10 8 
1 2 9 13 
7 6 12 4 

swap
    0 5 
3 11 10 13 
1 2 9 8 
7 6 12 4 

no swap
    0 5 
3 11 10 13 
1 2 9 8 
7 6 12 4 

swap
    0 5 
3 11 10 13 
1 6 9 8 
7 2 12 4 

swap
    0 5 
3 11 10 13 
1 9 6 8 
7 2 12 4 

swap
    0 5 
3 11 10 13 
7 9 6 8 
1 2 12 4 

swap
    0 5 
3 11 10 13 
9 7 6 8 
1 2 12 4 

swap
    0 5 
3 11 10 13 
9 6 7 8 
1 2 12 4 

no swap
    0 5 
3 11 10 13 
9 6 7 8 
1 2 12 4 

no swap
    0 5 
3 11 10 13 
9 6 7 8 
1 2 12 4 

no swap
    0 5 
3 11 10 13 
9 6 7 8 
1 2 12 4 

swap
    0 5 
3 11 10 13 
9 6 12 8 
1 2 7 4 

swap
    0 5 
3 11 12 13 
9 6 10 8 
1 2 7 4 

swap
    0 5 
3 6 12 13 
9 11 10 8 
1 2 7 4 

swap
    0 5 
3 6 12 13 
9 11 10 4 
1 2 7 8 

swap
    0 5 
3 6 12 4 
9 11 10 13 
1 2 7 8 

swap
    0 5 
3 6 4 12 
9 11 10 13 
1 2 7 8 

swap
    0 12 
3 6 4 5 
9 11 10 13 
1 2 7 8 

swap
    0 12 
3 6 5 4 
9 11 10 13 
1 2 7 8 

no swap
    0 12 
3 6 5 4 
9 11 10 13 
1 2 7 8 

no swap
    0 12 
3 6 5 4 
9 11 10 13 
1 2 7 8 

no swap
    0 12 
3 6 5 4 
9 11 10 13 
1 2 7 8 

swap
    0 12 
3 6 5 4 
9 11 7 13 
1 2 10 8 

swap
    0 12 
3 6 5 4 
9 2 7 13 
1 11 10 8 

swap
    0 12 
3 2 5 4 
9 6 7 13 
1 11 10 8 

swap
    0 12 
3 5 2 4 
9 6 7 13 
1 11 10 8 

swap
    0 12 
5 3 2 4 
9 6 7 13 
1 11 10 8 

swap
    0 12 
5 2 3 4 
9 6 7 13 
1 11 10 8 

no swap
    0 12 
5 2 3 4 
9 6 7 13 
1 11 10 8 

no swap
    0 12 
5 2 3 4 
9 6 7 13 
1 11 10 8 

no swap
    0 12 
5 2 3 4 
9 6 7 13 
1 11 10 8 

swap
    0 12 
5 2 3 4 
9 6 7 8 
1 11 10 13 

swap
    0 12 
5 2 3 4 
9 6 8 7 
1 11 10 13 

swap
    3 12 
5 2 0 4 
9 6 8 7 
1 11 10 13 

swap
    3 12 
5 2 0 4 
1 6 8 7 
9 11 10 13 

swap
    3 12 
1 2 0 4 
5 6 8 7 
9 11 10 13 

swap
    3 12 
2 1 0 4 
5 6 8 7 
9 11 10 13 

swap
    3 12 
2 0 1 4 
5 6 8 7 
9 11 10 13 

swap
    3 12 
2 1 0 4 
5 6 8 7 
9 11 10 13 

no swap
    3 12 
2 1 0 4 
5 6 8 7 
9 11 10 13 

swap
    3 12 
2 6 0 4 
5 1 8 7 
9 11 10 13 

swap
    3 12 
2 0 6 4 
5 1 8 7 
9 11 10 13 

swap
    3 12 
2 0 4 6 
5 1 8 7 
9 11 10 13 

swap
    3 12 
2 4 0 6 
5 1 8 7 
9 11 10 13 

swap
    0 12 
2 4 3 6 
5 1 8 7 
9 11 10 13 

swap
    0 12 
2 4 3 7 
5 1 8 6 
9 11 10 13 

swap
    0 12 
2 4 3 7 
5 1 6 8 
9 11 10 13 

swap
    0 12 
2 4 3 7 
5 6 1 8 
9 11 10 13 

no swap
    0 12 
2 4 3 7 
5 6 1 8 
9 11 10 13 

swap
    0 12 
2 4 3 7 
5 6 1 8 
9 10 11 13 

