  1 6 13 10 32 
17 25 28 12 30 4 
14 22 23 19 34 26 
33 31 16 9 20 5 
7 15 2 24 18 11 
21 3 8 27 29 0 

swap
  1 6 13 10 32 
17 25 28 12 30 4 
14 22 23 19 34 26 
33 31 16 9 20 5 
7 15 2 24 18 0 
21 3 8 27 29 11 

swap
  1 6 13 10 32 
17 25 28 12 30 4 
14 22 23 19 34 26 
33 31 16 9 20 5 
7 15 2 24 0 18 
21 3 8 27 29 11 

swap
  1 6 13 10 32 
17 25 28 12 30 4 
14 22 23 19 34 26 
33 31 16 9 20 5 
7 15 2 0 24 18 
21 3 8 27 29 11 

swap
  25 6 13 10 32 
17 1 28 12 30 4 
14 22 23 19 34 26 
33 31 16 9 20 5 
7 15 2 0 24 18 
21 3 8 27 29 11 

swap
  25 6 13 10 32 
17 22 28 12 30 4 
14 1 23 19 34 26 
33 31 16 9 20 5 
7 15 2 0 24 18 
21 3 8 27 29 11 

swap
  25 6 13 10 32 
17 22 28 12 30 4 
14 31 23 19 34 26 
33 1 16 9 20 5 
7 15 2 0 24 18 
21 3 8 27 29 11 

swap
  25 6 13 10 32 
17 22 28 12 30 4 
14 31 23 19 34 26 
33 15 16 9 20 5 
7 1 2 0 24 18 
21 3 8 27 29 11 

swap
  25 6 13 10 32 
17 22 28 12 30 4 
14 31 23 19 34 26 
33 15 16 9 20 5 
7 3 2 0 24 18 
21 1 8 27 29 11 

swap
  25 6 13 10 32 
17 22 28 12 30 4 
14 31 23 19 34 26 
33 3 16 9 20 5 
7 15 2 0 24 18 
21 1 8 27 29 11 

swap
  25 6 13 10 32 
17 22 28 12 30 4 
14 31 23 19 34 26 
33 16 3 9 20 5 
7 15 2 0 24 18 
21 1 8 27 29 11 

swap
  25 6 13 10 32 
17 22 28 12 30 4 
14 31 23 19 34 26 
33 16 9 3 20 5 
7 15 2 0 24 18 
21 1 8 27 29 11 

swap
  25 6 13 10 32 
17 22 28 12 30 4 
14 31 23 19 34 26 
33 16 9 20 3 5 
7 15 2 0 24 18 
21 1 8 27 29 11 

swap
  25 6 13 10 32 
17 22 28 12 30 26 
14 31 23 19 34 4 
33 16 9 20 3 5 
7 15 2 0 24 18 
21 1 8 27 29 11 

swap
  25 28 13 10 32 
17 22 6 12 30 26 
14 31 23 19 34 4 
33 16 9 20 3 5 
7 15 2 0 24 18 
21 1 8 27 29 11 

swap
  25 28 13 10 32 
17 22 23 12 30 26 
14 31 6 19 34 4 
33 16 9 20 3 5 
7 15 2 0 24 18 
21 1 8 27 29 11 

swap
  25 28 13 10 32 
17 22 23 12 30 26 
14 31 6 19 34 4 
7 16 9 20 3 5 
33 15 2 0 24 18 
21 1 8 27 29 11 

swap
  25 28 13 10 32 
17 22 23 12 30 26 
14 31 6 19 34 4 
16 7 9 20 3 5 
33 15 2 0 24 18 
21 1 8 27 29 11 

swap
  25 28 13 30 32 
17 22 23 12 10 26 
14 31 6 19 34 4 
16 7 9 20 3 5 
33 15 2 0 24 18 
21 1 8 27 29 11 

swap
  25 28 13 30 32 
17 22 23 12 10 26 
14 31 6 19 34 4 
16 7 9 20 3 5 
33 15 2 0 24 11 
21 1 8 27 29 18 

swap
  25 28 13 30 32 
17 22 23 12 10 26 
14 31 6 19 34 4 
16 7 9 20 3 11 
33 15 2 0 24 5 
21 1 8 27 29 18 

swap
  25 28 13 30 32 
17 22 23 12 10 26 
14 31 6 19 34 11 
16 7 9 20 3 4 
33 15 2 0 24 5 
21 1 8 27 29 18 

swap
  25 28 13 30 32 
17 22 23 12 10 11 
14 31 6 19 34 26 
16 7 9 20 3 4 
33 15 2 0 24 5 
21 1 8 27 29 18 

swap
  25 28 13 30 32 
17 22 23 12 11 10 
14 31 6 19 34 26 
16 7 9 20 3 4 
33 15 2 0 24 5 
21 1 8 27 29 18 

swap
  25 28 12 30 32 
17 22 23 13 11 10 
14 31 6 19 34 26 
16 7 9 20 3 4 
33 15 2 0 24 5 
21 1 8 27 29 18 

swap
  25 28 12 30 32 
17 22 23 19 11 10 
14 31 6 13 34 26 
16 7 9 20 3 4 
33 15 2 0 24 5 
21 1 8 27 29 18 

swap
  25 28 12 30 32 
17 22 23 19 11 10 
14 31 6 20 34 26 
16 7 9 13 3 4 
33 15 2 0 24 5 
21 1 8 27 29 18 

swap
  25 28 12 30 32 
17 22 23 19 11 10 
14 31 6 20 34 26 
16 7 13 9 3 4 
33 15 2 0 24 5 
21 1 8 27 29 18 

swap
  25 28 12 30 32 
17 22 23 19 11 10 
14 31 6 20 34 26 
16 13 7 9 3 4 
33 15 2 0 24 5 
21 1 8 27 29 18 

no swap
  25 28 12 30 32 
17 22 23 19 11 10 
14 31 6 20 34 26 
16 13 7 9 3 4 
33 15 2 0 24 5 
21 1 8 27 29 18 

swap
  25 28 12 30 32 
14 22 23 19 11 10 
17 31 6 20 34 26 
16 13 7 9 3 4 
33 15 2 0 24 5 
21 1 8 27 29 18 

swap
  25 28 12 30 32 
14 22 23 19 11 10 
31 17 6 20 34 26 
16 13 7 9 3 4 
33 15 2 0 24 5 
21 1 8 27 29 18 

swap
  25 28 12 30 32 
14 22 23 19 11 10 
31 6 17 20 34 26 
16 13 7 9 3 4 
33 15 2 0 24 5 
21 1 8 27 29 18 

swap
  25 28 12 30 32 
14 22 23 19 11 10 
31 6 17 20 34 26 
16 13 7 9 3 4 
33 15 2 0 24 18 
21 1 8 27 29 5 

swap
  25 28 12 30 32 
14 22 23 19 11 10 
31 6 17 20 34 26 
16 13 7 9 3 18 
33 15 2 0 24 4 
21 1 8 27 29 5 

swap
  25 28 12 30 32 
14 22 23 19 11 10 
31 6 17 20 34 18 
16 13 7 9 3 26 
33 15 2 0 24 4 
21 1 8 27 29 5 

swap
  25 28 12 30 32 
14 22 23 19 11 10 
31 6 17 20 18 34 
16 13 7 9 3 26 
33 15 2 0 24 4 
21 1 8 27 29 5 

swap
  25 28 12 30 32 
14 22 23 19 11 10 
31 6 17 20 18 34 
16 13 7 9 3 26 
21 15 2 0 24 4 
33 1 8 27 29 5 

swap
  25 28 12 30 32 
14 22 23 19 11 10 
31 6 17 20 18 34 
16 13 7 9 3 26 
15 21 2 0 24 4 
33 1 8 27 29 5 

swap
  25 28 12 30 32 
14 22 23 19 11 10 
31 6 17 20 18 34 
16 13 7 9 3 26 
15 2 21 0 24 4 
33 1 8 27 29 5 

swap
  25 28 12 30 32 
14 22 23 19 11 10 
31 6 17 20 18 34 
16 13 7 9 3 26 
15 2 0 21 24 4 
33 1 8 27 29 5 

swap
  25 28 12 30 32 
14 6 23 19 11 10 
31 22 17 20 18 34 
16 13 7 9 3 26 
15 2 0 21 24 4 
33 1 8 27 29 5 

swap
  25 28 12 30 32 
14 6 23 19 11 10 
31 13 17 20 18 34 
16 22 7 9 3 26 
15 2 0 21 24 4 
33 1 8 27 29 5 

swap
  25 28 12 30 32 
14 6 23 19 11 10 
31 13 17 20 18 34 
16 2 7 9 3 26 
15 22 0 21 24 4 
33 1 8 27 29 5 

swap
  25 28 12 30 32 
14 6 23 19 11 10 
31 13 17 20 18 34 
16 2 7 9 3 26 
15 0 22 21 24 4 
33 1 8 27 29 5 

swap
  25 28 12 30 32 
14 6 23 19 11 10 
31 13 17 20 18 34 
16 2 7 9 3 26 
15 0 21 22 24 4 
33 1 8 27 29 5 

swap
  6 28 12 30 32 
14 25 23 19 11 10 
31 13 17 20 18 34 
16 2 7 9 3 26 
15 0 21 22 24 4 
33 1 8 27 29 5 

swap
  6 28 12 30 32 
14 13 23 19 11 10 
31 25 17 20 18 34 
16 2 7 9 3 26 
15 0 21 22 24 4 
33 1 8 27 29 5 

swap
  6 28 12 30 32 
14 13 23 19 11 10 
31 2 17 20 18 34 
16 25 7 9 3 26 
15 0 21 22 24 4 
33 1 8 27 29 5 

swap
  6 28 12 30 32 
14 13 23 19 11 10 
31 2 17 20 18 34 
16 0 7 9 3 26 
15 25 21 22 24 4 
33 1 8 27 29 5 

swap
  6 28 12 30 32 
14 13 23 19 11 10 
31 2 17 20 18 34 
16 0 7 9 3 26 
15 1 21 22 24 4 
33 25 8 27 29 5 

swap
  6 28 12 30 32 
14 13 23 19 11 10 
31 2 17 20 18 34 
16 0 7 9 3 26 
15 1 21 22 24 4 
33 8 25 27 29 5 

swap
  6 28 12 30 32 
14 13 23 19 11 10 
31 2 17 20 18 34 
16 0 7 9 3 4 
15 1 21 22 24 26 
33 8 25 27 29 5 

swap
  6 28 12 30 32 
14 13 23 19 11 10 
31 2 17 20 18 34 
16 0 7 9 3 4 
15 1 21 22 24 5 
33 8 25 27 29 26 

swap
  6 28 12 30 32 
14 13 23 19 11 10 
31 2 17 20 18 34 
16 0 7 9 3 4 
15 1 21 22 24 5 
33 8 25 27 26 29 

swap
  6 23 12 30 32 
14 13 28 19 11 10 
31 2 17 20 18 34 
16 0 7 9 3 4 
15 1 21 22 24 5 
33 8 25 27 26 29 

swap
  6 23 12 30 32 
14 13 17 19 11 10 
31 2 28 20 18 34 
16 0 7 9 3 4 
15 1 21 22 24 5 
33 8 25 27 26 29 

swap
  6 23 12 30 32 
14 13 17 19 11 10 
31 28 2 20 18 34 
16 0 7 9 3 4 
15 1 21 22 24 5 
33 8 25 27 26 29 

swap
  6 23 12 30 32 
14 13 17 19 11 10 
31 28 2 20 18 34 
16 0 7 9 3 4 
15 1 21 22 24 29 
33 8 25 27 26 5 

swap
  6 23 12 30 32 
14 13 17 19 11 10 
31 28 2 20 18 34 
16 0 7 9 3 29 
15 1 21 22 24 4 
33 8 25 27 26 5 

swap
  6 23 12 30 32 
14 13 17 19 11 10 
31 28 2 20 18 29 
16 0 7 9 3 34 
15 1 21 22 24 4 
33 8 25 27 26 5 

swap
  6 23 12 30 32 
14 13 17 19 11 10 
31 28 2 20 29 18 
16 0 7 9 3 34 
15 1 21 22 24 4 
33 8 25 27 26 5 

swap
  6 23 12 30 32 
14 13 17 19 11 10 
31 28 2 29 20 18 
16 0 7 9 3 34 
15 1 21 22 24 4 
33 8 25 27 26 5 

swap
  6 23 12 30 32 
14 13 17 19 11 10 
31 28 29 2 20 18 
16 0 7 9 3 34 
15 1 21 22 24 4 
33 8 25 27 26 5 

swap
  6 23 12 30 32 
14 13 17 19 11 10 
31 29 28 2 20 18 
16 0 7 9 3 34 
15 1 21 22 24 4 
33 8 25 27 26 5 

swap
  6 23 12 30 10 
14 13 17 19 11 32 
31 29 28 2 20 18 
16 0 7 9 3 34 
15 1 21 22 24 4 
33 8 25 27 26 5 

swap
  6 23 12 30 10 
14 13 17 19 11 18 
31 29 28 2 20 32 
16 0 7 9 3 34 
15 1 21 22 24 4 
33 8 25 27 26 5 

swap
  6 23 12 30 10 
14 13 17 19 11 18 
31 29 28 2 20 32 
16 0 7 9 3 34 
33 1 21 22 24 4 
15 8 25 27 26 5 

swap
  6 23 12 30 10 
14 13 17 19 11 18 
31 29 28 2 20 32 
33 0 7 9 3 34 
16 1 21 22 24 4 
15 8 25 27 26 5 

swap
  6 23 12 30 10 
14 13 17 19 11 18 
31 29 28 2 20 32 
0 33 7 9 3 34 
16 1 21 22 24 4 
15 8 25 27 26 5 

swap
  6 23 12 30 10 
14 13 17 19 11 18 
31 29 28 2 20 32 
0 7 33 9 3 34 
16 1 21 22 24 4 
15 8 25 27 26 5 

swap
  6 23 12 30 10 
14 13 17 19 11 18 
31 29 28 2 20 32 
0 7 9 33 3 34 
16 1 21 22 24 4 
15 8 25 27 26 5 

swap
  6 23 12 30 10 
14 13 17 19 11 18 
31 29 28 2 20 32 
0 7 9 3 33 34 
16 1 21 22 24 4 
15 8 25 27 26 5 

swap
  6 23 12 30 10 
14 13 17 19 11 18 
31 29 28 2 20 32 
16 7 9 3 33 34 
0 1 21 22 24 4 
15 8 25 27 26 5 

swap
  6 23 12 30 10 
14 13 17 19 11 18 
31 29 28 2 20 32 
16 1 9 3 33 34 
0 7 21 22 24 4 
15 8 25 27 26 5 

swap
  6 23 12 30 10 
14 13 17 19 11 18 
31 1 28 2 20 32 
16 29 9 3 33 34 
0 7 21 22 24 4 
15 8 25 27 26 5 

swap
  6 23 12 30 10 
14 13 17 19 11 18 
31 28 1 2 20 32 
16 29 9 3 33 34 
0 7 21 22 24 4 
15 8 25 27 26 5 

swap
  13 23 12 30 10 
14 6 17 19 11 18 
31 28 1 2 20 32 
16 29 9 3 33 34 
0 7 21 22 24 4 
15 8 25 27 26 5 

swap
  13 23 12 30 10 
14 28 17 19 11 18 
31 6 1 2 20 32 
16 29 9 3 33 34 
0 7 21 22 24 4 
15 8 25 27 26 5 

swap
  13 23 12 30 10 
14 28 17 19 11 18 
31 29 1 2 20 32 
16 6 9 3 33 34 
0 7 21 22 24 4 
15 8 25 27 26 5 

swap
  13 23 12 30 10 
14 28 17 19 11 18 
31 29 1 2 20 32 
16 7 9 3 33 34 
0 6 21 22 24 4 
15 8 25 27 26 5 

swap
  13 23 12 30 18 
14 28 17 19 11 10 
31 29 1 2 20 32 
16 7 9 3 33 34 
0 6 21 22 24 4 
15 8 25 27 26 5 

swap
  28 23 12 30 18 
14 13 17 19 11 10 
31 29 1 2 20 32 
16 7 9 3 33 34 
0 6 21 22 24 4 
15 8 25 27 26 5 

swap
  28 23 12 30 18 
31 13 17 19 11 10 
14 29 1 2 20 32 
16 7 9 3 33 34 
0 6 21 22 24 4 
15 8 25 27 26 5 

swap
  28 17 12 30 18 
31 13 23 19 11 10 
14 29 1 2 20 32 
16 7 9 3 33 34 
0 6 21 22 24 4 
15 8 25 27 26 5 

swap
  28 12 17 30 18 
31 13 23 19 11 10 
14 29 1 2 20 32 
16 7 9 3 33 34 
0 6 21 22 24 4 
15 8 25 27 26 5 

swap
  28 12 30 17 18 
31 13 23 19 11 10 
14 29 1 2 20 32 
16 7 9 3 33 34 
0 6 21 22 24 4 
15 8 25 27 26 5 

no swap
  28 12 30 17 18 
31 13 23 19 11 10 
14 29 1 2 20 32 
16 7 9 3 33 34 
0 6 21 22 24 4 
15 8 25 27 26 5 

no swap
  28 12 30 17 18 
31 13 23 19 11 10 
14 29 1 2 20 32 
16 7 9 3 33 34 
0 6 21 22 24 4 
15 8 25 27 26 5 

swap
  28 12 30 17 18 
31 13 23 19 11 10 
14 29 1 2 20 32 
16 7 9 3 33 34 
0 6 21 22 24 4 
15 8 27 25 26 5 

swap
  13 12 30 17 18 
31 28 23 19 11 10 
14 29 1 2 20 32 
16 7 9 3 33 34 
0 6 21 22 24 4 
15 8 27 25 26 5 

swap
  13 12 30 17 18 
31 29 23 19 11 10 
14 28 1 2 20 32 
16 7 9 3 33 34 
0 6 21 22 24 4 
15 8 27 25 26 5 

swap
  13 12 30 17 18 
31 29 23 19 11 10 
14 28 1 2 20 34 
16 7 9 3 33 32 
0 6 21 22 24 4 
15 8 27 25 26 5 

swap
  13 12 30 17 18 
31 29 23 19 11 10 
14 28 1 2 20 34 
16 6 9 3 33 32 
0 7 21 22 24 4 
15 8 27 25 26 5 

swap
  13 12 30 17 18 
31 29 23 19 20 10 
14 28 1 2 11 34 
16 6 9 3 33 32 
0 7 21 22 24 4 
15 8 27 25 26 5 

swap
  13 12 30 17 18 
31 29 23 19 20 10 
14 28 1 2 33 34 
16 6 9 3 11 32 
0 7 21 22 24 4 
15 8 27 25 26 5 

swap
  13 12 30 17 18 
31 29 23 19 20 10 
14 28 1 2 33 34 
16 6 9 3 24 32 
0 7 21 22 11 4 
15 8 27 25 26 5 

swap
  13 12 30 17 18 
31 29 23 19 20 10 
14 28 1 2 33 34 
16 6 9 3 24 32 
0 7 21 22 26 4 
15 8 27 25 11 5 

swap
  13 12 30 17 18 
31 29 23 19 20 10 
14 28 1 2 33 34 
16 6 9 3 24 32 
0 7 21 22 26 4 
15 8 27 11 25 5 

swap
  13 12 30 17 18 
31 29 23 19 20 10 
14 28 1 2 33 34 
16 6 9 3 24 32 
0 7 21 22 26 4 
15 8 11 27 25 5 

swap
  13 12 30 17 18 
31 29 23 19 20 10 
14 28 1 2 33 34 
16 6 9 3 24 32 
0 7 11 22 26 4 
15 8 21 27 25 5 

no swap
  13 12 30 17 18 
31 29 23 19 20 10 
14 28 1 2 33 34 
16 6 9 3 24 32 
0 7 11 22 26 4 
15 8 21 27 25 5 

no swap
  13 12 30 17 18 
31 29 23 19 20 10 
14 28 1 2 33 34 
16 6 9 3 24 32 
0 7 11 22 26 4 
15 8 21 27 25 5 

swap
  13 12 30 17 18 
31 29 23 19 20 10 
16 28 1 2 33 34 
14 6 9 3 24 32 
0 7 11 22 26 4 
15 8 21 27 25 5 

swap
  13 12 30 17 18 
31 29 23 19 20 10 
16 28 1 2 33 34 
0 6 9 3 24 32 
14 7 11 22 26 4 
15 8 21 27 25 5 

swap
  13 12 30 17 10 
31 29 23 19 20 18 
16 28 1 2 33 34 
0 6 9 3 24 32 
14 7 11 22 26 4 
15 8 21 27 25 5 

swap
  13 12 30 17 10 
31 29 23 19 20 34 
16 28 1 2 33 18 
0 6 9 3 24 32 
14 7 11 22 26 4 
15 8 21 27 25 5 

swap
  13 12 30 17 10 
31 29 23 19 20 34 
16 28 1 2 33 32 
0 6 9 3 24 18 
14 7 11 22 26 4 
15 8 21 27 25 5 

swap
  13 12 30 17 10 
31 29 23 19 20 34 
16 28 1 2 33 32 
0 6 9 3 24 4 
14 7 11 22 26 18 
15 8 21 27 25 5 

swap
  13 12 30 17 10 
31 29 23 19 20 34 
16 28 1 2 33 32 
0 6 9 3 24 4 
14 7 11 22 26 5 
15 8 21 27 25 18 

swap
  13 12 30 17 10 
31 29 23 19 20 34 
16 28 1 2 33 32 
0 6 9 3 24 4 
14 7 11 22 26 5 
15 8 21 27 18 25 

swap
  13 12 30 17 10 
31 29 23 19 20 34 
16 28 1 2 33 32 
0 6 9 3 24 4 
14 7 11 22 26 5 
15 8 21 18 27 25 

swap
  13 12 30 17 10 
31 29 23 19 20 34 
16 28 1 2 33 32 
0 6 9 3 24 4 
14 7 11 22 26 5 
15 8 18 21 27 25 

swap
  13 12 30 17 10 
31 29 23 19 20 34 
16 28 1 2 33 32 
0 6 9 3 24 4 
14 7 11 22 26 5 
15 18 8 21 27 25 

swap
  13 12 30 17 10 
31 29 23 19 20 34 
16 28 1 2 33 32 
0 6 9 3 24 4 
14 18 11 22 26 5 
15 7 8 21 27 25 

no swap
  13 12 30 17 10 
31 29 23 19 20 34 
16 28 1 2 33 32 
0 6 9 3 24 4 
14 18 11 22 26 5 
15 7 8 21 27 25 

no swap
  13 12 30 17 10 
31 29 23 19 20 34 
16 28 1 2 33 32 
0 6 9 3 24 4 
14 18 11 22 26 5 
15 7 8 21 27 25 

swap
  13 12 30 17 10 
31 29 23 19 20 34 
16 28 1 2 33 32 
0 6 9 22 24 4 
14 18 11 3 26 5 
15 7 8 21 27 25 

swap
  13 12 30 17 10 
31 29 23 19 20 34 
16 28 1 22 33 32 
0 6 9 2 24 4 
14 18 11 3 26 5 
15 7 8 21 27 25 

swap
  13 12 30 17 10 
31 29 23 22 20 34 
16 28 1 19 33 32 
0 6 9 2 24 4 
14 18 11 3 26 5 
15 7 8 21 27 25 

swap
  13 12 30 17 10 
31 29 23 22 20 34 
16 28 1 19 33 32 
0 6 9 2 26 4 
14 18 11 3 24 5 
15 7 8 21 27 25 

swap
  13 12 30 17 10 
31 29 23 22 20 34 
16 28 1 19 26 32 
0 6 9 2 33 4 
14 18 11 3 24 5 
15 7 8 21 27 25 

swap
  13 12 30 17 10 
31 29 23 22 26 34 
16 28 1 19 20 32 
0 6 9 2 33 4 
14 18 11 3 24 5 
15 7 8 21 27 25 

swap
  13 12 30 17 10 
31 29 23 26 22 34 
16 28 1 19 20 32 
0 6 9 2 33 4 
14 18 11 3 24 5 
15 7 8 21 27 25 

no swap
  13 12 30 17 10 
31 29 23 26 22 34 
16 28 1 19 20 32 
0 6 9 2 33 4 
14 18 11 3 24 5 
15 7 8 21 27 25 

swap
  13 12 30 17 10 
31 29 23 22 26 34 
16 28 1 19 20 32 
0 6 9 2 33 4 
14 18 11 3 24 5 
15 7 8 21 27 25 

no swap
  13 12 30 17 10 
31 29 23 22 26 34 
16 28 1 19 20 32 
0 6 9 2 33 4 
14 18 11 3 24 5 
15 7 8 21 27 25 

swap
  29 12 30 17 10 
31 13 23 22 26 34 
16 28 1 19 20 32 
0 6 9 2 33 4 
14 18 11 3 24 5 
15 7 8 21 27 25 

swap
  12 29 30 17 10 
31 13 23 22 26 34 
16 28 1 19 20 32 
0 6 9 2 33 4 
14 18 11 3 24 5 
15 7 8 21 27 25 

swap
  12 29 30 17 10 
31 13 23 22 26 34 
16 28 1 19 33 32 
0 6 9 2 20 4 
14 18 11 3 24 5 
15 7 8 21 27 25 

swap
  12 29 30 17 10 
31 13 23 22 33 34 
16 28 1 19 26 32 
0 6 9 2 20 4 
14 18 11 3 24 5 
15 7 8 21 27 25 

swap
  12 29 30 33 10 
31 13 23 22 17 34 
16 28 1 19 26 32 
0 6 9 2 20 4 
14 18 11 3 24 5 
15 7 8 21 27 25 

swap
  12 29 33 30 10 
31 13 23 22 17 34 
16 28 1 19 26 32 
0 6 9 2 20 4 
14 18 11 3 24 5 
15 7 8 21 27 25 

swap
  12 33 29 30 10 
31 13 23 22 17 34 
16 28 1 19 26 32 
0 6 9 2 20 4 
14 18 11 3 24 5 
15 7 8 21 27 25 

no swap
  12 33 29 30 10 
31 13 23 22 17 34 
16 28 1 19 26 32 
0 6 9 2 20 4 
14 18 11 3 24 5 
15 7 8 21 27 25 

swap
  12 33 29 30 10 
31 13 23 22 17 34 
16 28 1 19 26 32 
0 6 9 2 20 4 
15 18 11 3 24 5 
14 7 8 21 27 25 

swap
  12 33 29 30 10 
31 13 23 22 17 34 
16 28 1 19 26 32 
15 6 9 2 20 4 
0 18 11 3 24 5 
14 7 8 21 27 25 

swap
  12 33 29 30 10 
31 13 23 22 17 34 
15 28 1 19 26 32 
16 6 9 2 20 4 
0 18 11 3 24 5 
14 7 8 21 27 25 

swap
  12 33 29 30 10 
31 13 23 22 17 34 
28 15 1 19 26 32 
16 6 9 2 20 4 
0 18 11 3 24 5 
14 7 8 21 27 25 

swap
  12 33 29 30 10 
31 13 23 22 17 34 
28 1 15 19 26 32 
16 6 9 2 20 4 
0 18 11 3 24 5 
14 7 8 21 27 25 

swap
  12 33 29 30 10 
31 13 15 22 17 34 
28 1 23 19 26 32 
16 6 9 2 20 4 
0 18 11 3 24 5 
14 7 8 21 27 25 

no swap
  12 33 29 30 10 
31 13 15 22 17 34 
28 1 23 19 26 32 
16 6 9 2 20 4 
0 18 11 3 24 5 
14 7 8 21 27 25 

swap
  12 33 29 30 10 
31 13 23 22 17 34 
28 1 15 19 26 32 
16 6 9 2 20 4 
0 18 11 3 24 5 
14 7 8 21 27 25 

no swap
  12 33 29 30 10 
31 13 23 22 17 34 
28 1 15 19 26 32 
16 6 9 2 20 4 
0 18 11 3 24 5 
14 7 8 21 27 25 

swap
  12 33 29 30 10 
31 13 23 22 17 34 
28 1 15 19 26 32 
16 6 9 3 20 4 
0 18 11 2 24 5 
14 7 8 21 27 25 

swap
  12 33 29 30 10 
31 13 23 22 17 34 
28 1 15 19 26 32 
16 6 9 3 20 4 
0 18 11 24 2 5 
14 7 8 21 27 25 

swap
  12 33 29 30 10 
31 13 23 22 17 34 
28 1 15 19 26 32 
16 6 9 3 2 4 
0 18 11 24 20 5 
14 7 8 21 27 25 

swap
  12 33 29 30 10 
31 13 23 22 17 34 
28 1 15 19 26 32 
16 6 9 3 4 2 
0 18 11 24 20 5 
14 7 8 21 27 25 

swap
  12 33 29 30 10 
31 13 23 22 17 34 
28 1 15 19 26 32 
16 6 9 24 4 2 
0 18 11 3 20 5 
14 7 8 21 27 25 

swap
  12 33 29 30 10 
31 13 23 22 17 34 
28 1 15 19 26 32 
16 6 9 24 4 2 
0 18 11 20 3 5 
14 7 8 21 27 25 

no swap
  12 33 29 30 10 
31 13 23 22 17 34 
28 1 15 19 26 32 
16 6 9 24 4 2 
0 18 11 20 3 5 
14 7 8 21 27 25 

swap
  12 33 29 30 10 
31 13 23 22 17 34 
28 1 9 19 26 32 
16 6 15 24 4 2 
0 18 11 20 3 5 
14 7 8 21 27 25 

swap
  12 33 29 30 10 
31 13 9 22 17 34 
28 1 23 19 26 32 
16 6 15 24 4 2 
0 18 11 20 3 5 
14 7 8 21 27 25 

swap
  12 9 29 30 10 
31 13 33 22 17 34 
28 1 23 19 26 32 
16 6 15 24 4 2 
0 18 11 20 3 5 
14 7 8 21 27 25 

swap
  12 33 29 30 10 
31 13 9 22 17 34 
28 1 23 19 26 32 
16 6 15 24 4 2 
0 18 11 20 3 5 
14 7 8 21 27 25 

swap
  12 33 29 30 10 
31 13 23 22 17 34 
28 1 9 19 26 32 
16 6 15 24 4 2 
0 18 11 20 3 5 
14 7 8 21 27 25 

swap
  12 33 29 30 10 
31 13 23 22 17 34 
28 1 15 19 26 32 
16 6 9 24 4 2 
0 18 11 20 3 5 
14 7 8 21 27 25 

swap
  12 33 29 30 10 
31 13 23 22 17 34 
28 1 15 19 26 32 
16 6 11 24 4 2 
0 18 9 20 3 5 
14 7 8 21 27 25 

swap
  12 33 29 30 10 
31 13 23 22 17 34 
28 1 11 19 26 32 
16 6 15 24 4 2 
0 18 9 20 3 5 
14 7 8 21 27 25 

swap
  12 33 29 30 10 
31 13 11 22 17 34 
28 1 23 19 26 32 
16 6 15 24 4 2 
0 18 9 20 3 5 
14 7 8 21 27 25 

swap
  12 11 29 30 10 
31 13 33 22 17 34 
28 1 23 19 26 32 
16 6 15 24 4 2 
0 18 9 20 3 5 
14 7 8 21 27 25 

swap
  12 11 29 30 10 
31 13 33 22 17 34 
28 1 23 19 26 32 
16 6 9 24 4 2 
0 18 15 20 3 5 
14 7 8 21 27 25 

swap
  12 11 29 30 10 
31 13 33 22 17 34 
28 1 9 19 26 32 
16 6 23 24 4 2 
0 18 15 20 3 5 
14 7 8 21 27 25 

swap
  12 11 29 30 10 
31 13 9 22 17 34 
28 1 33 19 26 32 
16 6 23 24 4 2 
0 18 15 20 3 5 
14 7 8 21 27 25 

swap
  12 11 29 30 10 
31 13 9 22 17 34 
28 1 33 19 26 32 
0 6 23 24 4 2 
16 18 15 20 3 5 
14 7 8 21 27 25 

swap
  12 11 29 30 10 
31 13 9 22 17 34 
28 1 33 19 26 32 
0 6 23 24 4 2 
18 16 15 20 3 5 
14 7 8 21 27 25 

swap
  12 11 29 30 10 
31 13 9 22 17 34 
28 1 33 19 26 32 
0 6 23 24 4 2 
18 15 16 20 3 5 
14 7 8 21 27 25 

swap
  12 11 29 30 10 
31 13 9 22 17 34 
28 1 33 19 26 32 
0 6 23 24 4 2 
18 16 15 20 3 5 
14 7 8 21 27 25 

swap
  12 11 29 30 10 
31 13 9 22 17 34 
28 1 33 19 26 32 
0 6 23 24 4 2 
16 18 15 20 3 5 
14 7 8 21 27 25 

swap
  12 11 29 30 10 
31 13 9 22 17 34 
28 1 33 19 26 32 
0 6 23 24 4 2 
16 15 18 20 3 5 
14 7 8 21 27 25 

swap
  12 11 29 30 10 
31 13 9 22 17 34 
28 1 33 19 26 32 
0 6 23 24 4 2 
15 16 18 20 3 5 
14 7 8 21 27 25 

swap
  12 11 29 30 10 
31 13 9 22 17 34 
28 1 33 19 26 32 
0 6 23 20 4 2 
15 16 18 24 3 5 
14 7 8 21 27 25 

swap
  12 11 29 30 10 
31 13 9 22 17 34 
28 1 33 19 26 32 
0 6 23 20 4 2 
15 16 18 21 3 5 
14 7 8 24 27 25 

swap
  12 11 29 30 10 
31 13 9 22 17 34 
28 1 33 19 26 32 
0 6 23 20 4 2 
15 16 18 24 3 5 
14 7 8 21 27 25 

swap
  12 11 29 30 10 
31 13 9 22 17 34 
28 1 33 19 26 32 
0 6 23 24 4 2 
15 16 18 20 3 5 
14 7 8 21 27 25 

swap
  12 11 29 30 10 
31 13 9 22 17 34 
28 1 33 24 26 32 
0 6 23 19 4 2 
15 16 18 20 3 5 
14 7 8 21 27 25 

swap
  12 11 29 30 10 
31 13 9 22 17 34 
28 1 33 24 4 32 
0 6 23 19 26 2 
15 16 18 20 3 5 
14 7 8 21 27 25 

swap
  12 11 29 30 10 
31 13 9 22 17 34 
28 1 33 24 4 32 
0 6 23 19 3 2 
15 16 18 20 26 5 
14 7 8 21 27 25 

swap
  12 11 29 30 10 
31 13 9 22 17 34 
28 1 33 19 4 32 
0 6 23 24 3 2 
15 16 18 20 26 5 
14 7 8 21 27 25 

swap
  12 11 29 30 10 
31 13 9 22 17 34 
28 1 33 19 4 32 
0 6 23 20 3 2 
15 16 18 24 26 5 
14 7 8 21 27 25 

swap
  12 11 29 30 10 
13 31 9 22 17 34 
28 1 33 19 4 32 
0 6 23 20 3 2 
15 16 18 24 26 5 
14 7 8 21 27 25 

swap
  12 11 29 30 10 
13 9 31 22 17 34 
28 1 33 19 4 32 
0 6 23 20 3 2 
15 16 18 24 26 5 
14 7 8 21 27 25 

swap
  12 11 29 30 10 
13 9 22 31 17 34 
28 1 33 19 4 32 
0 6 23 20 3 2 
15 16 18 24 26 5 
14 7 8 21 27 25 

swap
  12 11 29 30 10 
13 9 22 17 31 34 
28 1 33 19 4 32 
0 6 23 20 3 2 
15 16 18 24 26 5 
14 7 8 21 27 25 

swap
  12 11 29 30 10 
13 9 22 17 4 34 
28 1 33 19 31 32 
0 6 23 20 3 2 
15 16 18 24 26 5 
14 7 8 21 27 25 

swap
  12 11 29 30 10 
13 9 22 17 4 34 
28 1 33 31 19 32 
0 6 23 20 3 2 
15 16 18 24 26 5 
14 7 8 21 27 25 

swap
  12 11 29 30 10 
13 9 33 17 4 34 
28 1 22 31 19 32 
0 6 23 20 3 2 
15 16 18 24 26 5 
14 7 8 21 27 25 

swap
  12 11 29 30 10 
13 9 17 33 4 34 
28 1 22 31 19 32 
0 6 23 20 3 2 
15 16 18 24 26 5 
14 7 8 21 27 25 

swap
  12 11 29 30 10 
13 9 17 4 33 34 
28 1 22 31 19 32 
0 6 23 20 3 2 
15 16 18 24 26 5 
14 7 8 21 27 25 

swap
  12 11 29 30 10 
13 9 17 31 33 34 
28 1 22 4 19 32 
0 6 23 20 3 2 
15 16 18 24 26 5 
14 7 8 21 27 25 

swap
  12 11 29 30 10 
13 9 17 31 33 34 
28 1 22 4 19 32 
0 6 23 20 3 5 
15 16 18 24 26 2 
14 7 8 21 27 25 

swap
  12 11 29 30 10 
13 9 17 31 33 34 
28 1 22 4 19 5 
0 6 23 20 3 32 
15 16 18 24 26 2 
14 7 8 21 27 25 

swap
  12 11 29 30 10 
13 9 17 31 33 5 
28 1 22 4 19 34 
0 6 23 20 3 32 
15 16 18 24 26 2 
14 7 8 21 27 25 

swap
  12 11 29 30 5 
13 9 17 31 33 10 
28 1 22 4 19 34 
0 6 23 20 3 32 
15 16 18 24 26 2 
14 7 8 21 27 25 

swap
  12 11 29 5 30 
13 9 17 31 33 10 
28 1 22 4 19 34 
0 6 23 20 3 32 
15 16 18 24 26 2 
14 7 8 21 27 25 

swap
  12 11 5 29 30 
13 9 17 31 33 10 
28 1 22 4 19 34 
0 6 23 20 3 32 
15 16 18 24 26 2 
14 7 8 21 27 25 

swap
  12 5 11 29 30 
13 9 17 31 33 10 
28 1 22 4 19 34 
0 6 23 20 3 32 
15 16 18 24 26 2 
14 7 8 21 27 25 

swap
  12 5 11 29 30 
13 9 17 31 33 10 
28 1 22 4 19 34 
0 6 23 20 3 32 
15 16 8 24 26 2 
14 7 18 21 27 25 

swap
  12 5 11 29 30 
13 9 17 31 33 10 
28 1 22 4 19 34 
0 6 8 20 3 32 
15 16 23 24 26 2 
14 7 18 21 27 25 

swap
  12 5 11 29 30 
13 9 17 31 33 10 
28 1 8 4 19 34 
0 6 22 20 3 32 
15 16 23 24 26 2 
14 7 18 21 27 25 

swap
  12 5 11 29 30 
13 9 8 31 33 10 
28 1 17 4 19 34 
0 6 22 20 3 32 
15 16 23 24 26 2 
14 7 18 21 27 25 

swap
  12 8 11 29 30 
13 9 5 31 33 10 
28 1 17 4 19 34 
0 6 22 20 3 32 
15 16 23 24 26 2 
14 7 18 21 27 25 

no swap
  12 8 11 29 30 
13 9 5 31 33 10 
28 1 17 4 19 34 
0 6 22 20 3 32 
15 16 23 24 26 2 
14 7 18 21 27 25 

no swap
  12 8 11 29 30 
13 9 5 31 33 10 
28 1 17 4 19 34 
0 6 22 20 3 32 
15 16 23 24 26 2 
14 7 18 21 27 25 

no swap
  12 8 11 29 30 
13 9 5 31 33 10 
28 1 17 4 19 34 
0 6 22 20 3 32 
15 16 23 24 26 2 
14 7 18 21 27 25 

swap
  12 8 11 29 30 
13 9 5 31 33 10 
28 1 17 4 19 34 
0 6 22 24 3 32 
15 16 23 20 26 2 
14 7 18 21 27 25 

swap
  12 8 11 29 30 
13 9 5 31 33 10 
28 1 17 4 19 34 
0 6 22 24 3 32 
15 16 23 21 26 2 
14 7 18 20 27 25 

swap
  12 8 11 29 30 
13 9 5 31 33 10 
28 1 17 4 19 34 
0 6 22 24 3 32 
15 16 18 21 26 2 
14 7 23 20 27 25 

swap
  12 8 11 29 30 
13 9 5 31 33 10 
28 1 17 4 19 34 
0 6 22 24 3 32 
15 16 18 21 26 2 
14 7 20 23 27 25 

no swap
  12 8 11 29 30 
13 9 5 31 33 10 
28 1 17 4 19 34 
0 6 22 24 3 32 
15 16 18 21 26 2 
14 7 20 23 27 25 

no swap
  12 8 11 29 30 
13 9 5 31 33 10 
28 1 17 4 19 34 
0 6 22 24 3 32 
15 16 18 21 26 2 
14 7 20 23 27 25 

no swap
  12 8 11 29 30 
13 9 5 31 33 10 
28 1 17 4 19 34 
0 6 22 24 3 32 
15 16 18 21 26 2 
14 7 20 23 27 25 

swap
  9 8 11 29 30 
13 12 5 31 33 10 
28 1 17 4 19 34 
0 6 22 24 3 32 
15 16 18 21 26 2 
14 7 20 23 27 25 

swap
  9 8 11 29 30 
13 1 5 31 33 10 
28 12 17 4 19 34 
0 6 22 24 3 32 
15 16 18 21 26 2 
14 7 20 23 27 25 

swap
  9 8 11 29 30 
13 1 5 31 33 10 
28 6 17 4 19 34 
0 12 22 24 3 32 
15 16 18 21 26 2 
14 7 20 23 27 25 

swap
  9 8 11 29 30 
13 1 5 31 33 10 
28 6 17 4 19 34 
0 16 22 24 3 32 
15 12 18 21 26 2 
14 7 20 23 27 25 

swap
  9 8 11 29 30 
13 1 5 31 33 10 
28 6 17 4 19 34 
0 16 22 24 3 32 
15 7 18 21 26 2 
14 12 20 23 27 25 

swap
  9 8 11 29 30 
13 1 5 31 33 10 
28 6 17 4 19 34 
0 16 22 24 3 32 
15 7 18 21 26 2 
14 20 12 23 27 25 

swap
  9 8 11 29 30 
13 1 5 31 33 10 
28 6 17 4 19 34 
0 16 22 24 3 32 
15 7 18 21 26 2 
14 20 23 12 27 25 

swap
  9 8 11 29 30 
13 1 5 31 33 10 
28 6 17 4 3 34 
0 16 22 24 19 32 
15 7 18 21 26 2 
14 20 23 12 27 25 

swap
  9 8 11 29 30 
13 1 5 31 33 10 
28 6 17 4 3 34 
0 16 22 24 26 32 
15 7 18 21 19 2 
14 20 23 12 27 25 

swap
  9 8 11 29 30 
13 1 5 31 33 10 
28 6 17 4 3 34 
0 16 22 24 26 32 
15 7 18 12 19 2 
14 20 23 21 27 25 

no swap
  9 8 11 29 30 
13 1 5 31 33 10 
28 6 17 4 3 34 
0 16 22 24 26 32 
15 7 18 12 19 2 
14 20 23 21 27 25 

no swap
  9 8 11 29 30 
13 1 5 31 33 10 
28 6 17 4 3 34 
0 16 22 24 26 32 
15 7 18 12 19 2 
14 20 23 21 27 25 

swap
  9 8 11 29 30 
13 1 5 31 33 10 
28 6 17 4 3 34 
0 16 22 24 26 32 
15 7 18 21 19 2 
14 20 23 12 27 25 

swap
  9 8 11 29 30 
13 1 5 31 33 10 
28 6 17 4 3 34 
0 16 22 24 26 32 
15 7 18 21 19 2 
14 20 12 23 27 25 

swap
  9 8 11 29 30 
13 1 5 31 33 10 
28 6 17 4 3 34 
0 16 22 24 26 32 
14 7 18 21 19 2 
15 20 12 23 27 25 

swap
  9 8 11 29 30 
13 1 5 31 33 10 
28 6 17 4 3 34 
0 16 22 24 26 32 
14 7 18 21 19 2 
15 12 20 23 27 25 

swap
  9 8 11 29 30 
13 1 5 31 33 10 
28 6 17 4 3 34 
0 16 22 24 26 32 
14 7 18 21 19 2 
12 15 20 23 27 25 

no swap
  9 8 11 29 30 
13 1 5 31 33 10 
28 6 17 4 3 34 
0 16 22 24 26 32 
14 7 18 21 19 2 
12 15 20 23 27 25 

swap
  9 8 11 29 30 
13 1 5 31 33 10 
28 6 17 4 3 34 
0 16 22 24 26 32 
14 7 18 21 27 2 
12 15 20 23 19 25 

swap
  9 8 11 29 30 
13 1 5 31 33 10 
28 6 17 4 3 34 
0 16 22 24 27 32 
14 7 18 21 26 2 
12 15 20 23 19 25 

swap
  9 8 11 29 30 
13 1 5 31 33 10 
28 6 17 4 27 34 
0 16 22 24 3 32 
14 7 18 21 26 2 
12 15 20 23 19 25 

swap
  9 8 11 29 10 
13 1 5 31 33 30 
28 6 17 4 27 34 
0 16 22 24 3 32 
14 7 18 21 26 2 
12 15 20 23 19 25 

swap
  9 8 11 29 10 
13 1 5 31 27 30 
28 6 17 4 33 34 
0 16 22 24 3 32 
14 7 18 21 26 2 
12 15 20 23 19 25 

no swap
  9 8 11 29 10 
13 1 5 31 27 30 
28 6 17 4 33 34 
0 16 22 24 3 32 
14 7 18 21 26 2 
12 15 20 23 19 25 

no swap
  9 8 11 29 10 
13 1 5 31 27 30 
28 6 17 4 33 34 
0 16 22 24 3 32 
14 7 18 21 26 2 
12 15 20 23 19 25 

swap
  9 5 11 29 10 
13 1 8 31 27 30 
28 6 17 4 33 34 
0 16 22 24 3 32 
14 7 18 21 26 2 
12 15 20 23 19 25 

swap
  9 5 11 29 10 
13 1 8 31 27 30 
28 6 17 4 33 34 
0 7 22 24 3 32 
14 16 18 21 26 2 
12 15 20 23 19 25 

swap
  9 5 11 29 10 
13 1 8 31 27 30 
28 7 17 4 33 34 
0 6 22 24 3 32 
14 16 18 21 26 2 
12 15 20 23 19 25 

swap
  9 5 11 29 10 
13 7 8 31 27 30 
28 1 17 4 33 34 
0 6 22 24 3 32 
14 16 18 21 26 2 
12 15 20 23 19 25 

swap
  9 8 11 29 10 
13 7 5 31 27 30 
28 1 17 4 33 34 
0 6 22 24 3 32 
14 16 18 21 26 2 
12 15 20 23 19 25 

no swap
  9 8 11 29 10 
13 7 5 31 27 30 
28 1 17 4 33 34 
0 6 22 24 3 32 
14 16 18 21 26 2 
12 15 20 23 19 25 

no swap
  9 8 11 29 10 
13 7 5 31 27 30 
28 1 17 4 33 34 
0 6 22 24 3 32 
14 16 18 21 26 2 
12 15 20 23 19 25 

swap
  9 8 11 29 10 
13 7 5 31 27 30 
28 1 17 4 33 34 
0 6 22 24 3 32 
12 16 18 21 26 2 
14 15 20 23 19 25 

swap
  9 8 11 29 10 
13 7 5 31 27 30 
28 1 17 4 33 34 
0 6 22 24 3 32 
14 16 18 21 26 2 
12 15 20 23 19 25 

no swap
  9 8 11 29 10 
13 7 5 31 27 30 
28 1 17 4 33 34 
0 6 22 24 3 32 
14 16 18 21 26 2 
12 15 20 23 19 25 

no swap
  9 8 11 29 10 
13 7 5 31 27 30 
28 1 17 4 33 34 
0 6 22 24 3 32 
14 16 18 21 26 2 
12 15 20 23 19 25 

no swap
  9 8 11 29 10 
13 7 5 31 27 30 
28 1 17 4 33 34 
0 6 22 24 3 32 
14 16 18 21 26 2 
12 15 20 23 19 25 

swap
  9 8 11 29 10 
13 7 5 31 27 30 
28 1 17 4 33 34 
0 6 22 24 3 32 
14 16 20 21 26 2 
12 15 18 23 19 25 

swap
  9 8 11 29 10 
13 7 5 31 27 30 
28 1 17 4 33 34 
0 6 20 24 3 32 
14 16 22 21 26 2 
12 15 18 23 19 25 

swap
  9 8 11 29 10 
13 7 5 31 27 30 
28 1 17 4 33 34 
0 6 22 24 3 32 
14 16 20 21 26 2 
12 15 18 23 19 25 

no swap
  9 8 11 29 10 
13 7 5 31 27 30 
28 1 17 4 33 34 
0 6 22 24 3 32 
14 16 20 21 26 2 
12 15 18 23 19 25 

no swap
  9 8 11 29 10 
13 7 5 31 27 30 
28 1 17 4 33 34 
0 6 22 24 3 32 
14 16 20 21 26 2 
12 15 18 23 19 25 

no swap
  9 8 11 29 10 
13 7 5 31 27 30 
28 1 17 4 33 34 
0 6 22 24 3 32 
14 16 20 21 26 2 
12 15 18 23 19 25 

no swap
  9 8 11 29 10 
13 7 5 31 27 30 
28 1 17 4 33 34 
0 6 22 24 3 32 
14 16 20 21 26 2 
12 15 18 23 19 25 

swap
  9 8 11 27 10 
13 7 5 31 29 30 
28 1 17 4 33 34 
0 6 22 24 3 32 
14 16 20 21 26 2 
12 15 18 23 19 25 

no swap
  9 8 11 27 10 
13 7 5 31 29 30 
28 1 17 4 33 34 
0 6 22 24 3 32 
14 16 20 21 26 2 
12 15 18 23 19 25 

no swap
  9 8 11 27 10 
13 7 5 31 29 30 
28 1 17 4 33 34 
0 6 22 24 3 32 
14 16 20 21 26 2 
12 15 18 23 19 25 

no swap
  9 8 11 27 10 
13 7 5 31 29 30 
28 1 17 4 33 34 
0 6 22 24 3 32 
14 16 20 21 26 2 
12 15 18 23 19 25 

swap
  9 8 11 27 10 
13 7 5 31 29 30 
28 1 17 4 33 34 
0 6 22 24 3 32 
14 16 20 21 26 2 
12 18 15 23 19 25 

swap
  9 8 11 27 10 
13 7 5 31 29 30 
28 1 17 4 33 34 
0 6 22 24 3 32 
14 16 20 21 26 2 
12 18 23 15 19 25 

swap
  9 8 11 27 10 
13 7 5 31 29 30 
28 1 17 4 33 34 
0 6 22 24 3 32 
14 16 20 21 26 2 
12 18 15 23 19 25 

no swap
  9 8 11 27 10 
13 7 5 31 29 30 
28 1 17 4 33 34 
0 6 22 24 3 32 
14 16 20 21 26 2 
12 18 15 23 19 25 

no swap
  9 8 11 27 10 
13 7 5 31 29 30 
28 1 17 4 33 34 
0 6 22 24 3 32 
14 16 20 21 26 2 
12 18 15 23 19 25 

no swap
  9 8 11 27 10 
13 7 5 31 29 30 
28 1 17 4 33 34 
0 6 22 24 3 32 
14 16 20 21 26 2 
12 18 15 23 19 25 

swap
  7 8 11 27 10 
13 9 5 31 29 30 
28 1 17 4 33 34 
0 6 22 24 3 32 
14 16 20 21 26 2 
12 18 15 23 19 25 

no swap
  7 8 11 27 10 
13 9 5 31 29 30 
28 1 17 4 33 34 
0 6 22 24 3 32 
14 16 20 21 26 2 
12 18 15 23 19 25 

swap
  8 7 11 27 10 
13 9 5 31 29 30 
28 1 17 4 33 34 
0 6 22 24 3 32 
14 16 20 21 26 2 
12 18 15 23 19 25 

swap
  8 11 7 27 10 
13 9 5 31 29 30 
28 1 17 4 33 34 
0 6 22 24 3 32 
14 16 20 21 26 2 
12 18 15 23 19 25 

no swap
  8 11 7 27 10 
13 9 5 31 29 30 
28 1 17 4 33 34 
0 6 22 24 3 32 
14 16 20 21 26 2 
12 18 15 23 19 25 

no swap
  8 11 7 27 10 
13 9 5 31 29 30 
28 1 17 4 33 34 
0 6 22 24 3 32 
14 16 20 21 26 2 
12 18 15 23 19 25 

swap
  8 11 7 27 10 
13 9 5 31 29 30 
28 1 17 4 33 34 
0 6 22 24 3 32 
12 16 20 21 26 2 
14 18 15 23 19 25 

swap
  8 11 7 27 10 
13 9 5 31 29 30 
28 1 17 4 33 34 
0 6 22 24 3 32 
12 16 20 21 26 2 
18 14 15 23 19 25 

swap
  8 11 7 27 10 
13 9 5 31 29 30 
28 1 17 4 33 34 
0 6 22 24 3 32 
12 16 20 21 26 2 
14 18 15 23 19 25 

no swap
  8 11 7 27 10 
13 9 5 31 29 30 
28 1 17 4 33 34 
0 6 22 24 3 32 
12 16 20 21 26 2 
14 18 15 23 19 25 

swap
  8 11 7 27 10 
13 9 5 31 29 30 
28 1 17 4 33 34 
0 6 22 24 3 32 
12 16 20 21 26 2 
18 14 15 23 19 25 

no swap
  8 11 7 27 10 
13 9 5 31 29 30 
28 1 17 4 33 34 
0 6 22 24 3 32 
12 16 20 21 26 2 
18 14 15 23 19 25 

no swap
  8 11 7 27 10 
13 9 5 31 29 30 
28 1 17 4 33 34 
0 6 22 24 3 32 
12 16 20 21 26 2 
18 14 15 23 19 25 

swap
  8 11 7 27 10 
13 9 5 31 29 30 
28 1 17 4 33 34 
0 6 20 24 3 32 
12 16 22 21 26 2 
18 14 15 23 19 25 

swap
  8 11 7 27 10 
13 9 5 31 29 30 
28 1 17 4 33 34 
0 6 20 24 3 32 
12 16 15 21 26 2 
18 14 22 23 19 25 

swap
  8 11 7 27 10 
13 9 5 31 29 30 
28 1 17 4 33 34 
0 6 20 24 3 32 
12 16 15 21 19 2 
18 14 22 23 26 25 

swap
  8 11 7 27 10 
13 9 5 31 29 30 
28 1 17 4 33 34 
0 6 20 24 3 32 
12 16 15 21 19 2 
18 14 23 22 26 25 

swap
  8 11 7 27 10 
13 9 5 31 29 30 
28 1 17 4 33 34 
0 6 20 24 3 32 
12 16 15 21 19 2 
18 14 23 26 22 25 

no swap
  8 11 7 27 10 
13 9 5 31 29 30 
28 1 17 4 33 34 
0 6 20 24 3 32 
12 16 15 21 19 2 
18 14 23 26 22 25 

no swap
  8 11 7 27 10 
13 9 5 31 29 30 
28 1 17 4 33 34 
0 6 20 24 3 32 
12 16 15 21 19 2 
18 14 23 26 22 25 

no swap
  8 11 7 27 10 
13 9 5 31 29 30 
28 1 17 4 33 34 
0 6 20 24 3 32 
12 16 15 21 19 2 
18 14 23 26 22 25 

swap
  8 11 7 27 10 
13 9 5 31 33 30 
28 1 17 4 29 34 
0 6 20 24 3 32 
12 16 15 21 19 2 
18 14 23 26 22 25 

no swap
  8 11 7 27 10 
13 9 5 31 33 30 
28 1 17 4 29 34 
0 6 20 24 3 32 
12 16 15 21 19 2 
18 14 23 26 22 25 

swap
  8 11 7 27 10 
13 9 5 31 29 30 
28 1 17 4 33 34 
0 6 20 24 3 32 
12 16 15 21 19 2 
18 14 23 26 22 25 

no swap
  8 11 7 27 10 
13 9 5 31 29 30 
28 1 17 4 33 34 
0 6 20 24 3 32 
12 16 15 21 19 2 
18 14 23 26 22 25 

swap
  8 5 7 27 10 
13 9 11 31 29 30 
28 1 17 4 33 34 
0 6 20 24 3 32 
12 16 15 21 19 2 
18 14 23 26 22 25 

no swap
  8 5 7 27 10 
13 9 11 31 29 30 
28 1 17 4 33 34 
0 6 20 24 3 32 
12 16 15 21 19 2 
18 14 23 26 22 25 

swap
  8 5 7 27 10 
13 9 11 31 29 30 
28 1 17 4 33 34 
0 6 20 24 3 32 
18 16 15 21 19 2 
12 14 23 26 22 25 

no swap
  8 5 7 27 10 
13 9 11 31 29 30 
28 1 17 4 33 34 
0 6 20 24 3 32 
18 16 15 21 19 2 
12 14 23 26 22 25 

swap
  8 5 7 27 10 
13 9 11 31 29 30 
28 1 17 4 33 34 
0 6 15 24 3 32 
18 16 20 21 19 2 
12 14 23 26 22 25 

swap
  8 5 7 27 10 
13 9 11 31 29 30 
28 1 17 4 33 34 
0 6 15 24 3 32 
18 16 23 21 19 2 
12 14 20 26 22 25 

swap
  8 5 7 27 10 
13 9 11 31 29 30 
28 1 17 4 33 34 
0 6 15 24 3 32 
18 16 23 21 19 2 
12 14 26 20 22 25 

swap
  8 5 7 27 10 
13 9 11 31 29 30 
28 1 17 4 33 34 
0 6 15 21 3 32 
18 16 23 24 19 2 
12 14 26 20 22 25 

swap
  8 5 7 27 10 
13 9 11 31 29 30 
28 1 17 4 33 34 
0 6 15 21 3 32 
18 16 23 20 19 2 
12 14 26 24 22 25 

swap
  8 5 7 27 10 
13 9 11 4 29 30 
28 1 17 31 33 34 
0 6 15 21 3 32 
18 16 23 20 19 2 
12 14 26 24 22 25 

no swap
  8 5 7 27 10 
13 9 11 4 29 30 
28 1 17 31 33 34 
0 6 15 21 3 32 
18 16 23 20 19 2 
12 14 26 24 22 25 

no swap
  8 5 7 27 10 
13 9 11 4 29 30 
28 1 17 31 33 34 
0 6 15 21 3 32 
18 16 23 20 19 2 
12 14 26 24 22 25 

no swap
  8 5 7 27 10 
13 9 11 4 29 30 
28 1 17 31 33 34 
0 6 15 21 3 32 
18 16 23 20 19 2 
12 14 26 24 22 25 

swap
  8 5 7 27 10 
13 9 11 4 29 30 
28 6 17 31 33 34 
0 1 15 21 3 32 
18 16 23 20 19 2 
12 14 26 24 22 25 

swap
  8 5 7 27 10 
13 6 11 4 29 30 
28 9 17 31 33 34 
0 1 15 21 3 32 
18 16 23 20 19 2 
12 14 26 24 22 25 

swap
  6 5 7 27 10 
13 8 11 4 29 30 
28 9 17 31 33 34 
0 1 15 21 3 32 
18 16 23 20 19 2 
12 14 26 24 22 25 

swap
  5 6 7 27 10 
13 8 11 4 29 30 
28 9 17 31 33 34 
0 1 15 21 3 32 
18 16 23 20 19 2 
12 14 26 24 22 25 

swap
  5 6 7 27 30 
13 8 11 4 29 10 
28 9 17 31 33 34 
0 1 15 21 3 32 
18 16 23 20 19 2 
12 14 26 24 22 25 

swap
  5 6 7 27 30 
13 8 11 4 10 29 
28 9 17 31 33 34 
0 1 15 21 3 32 
18 16 23 20 19 2 
12 14 26 24 22 25 

swap
  5 6 7 27 30 
13 8 11 10 4 29 
28 9 17 31 33 34 
0 1 15 21 3 32 
18 16 23 20 19 2 
12 14 26 24 22 25 

swap
  5 6 7 27 30 
28 8 11 10 4 29 
13 9 17 31 33 34 
0 1 15 21 3 32 
18 16 23 20 19 2 
12 14 26 24 22 25 

swap
  5 6 7 27 30 
28 8 11 10 4 29 
0 9 17 31 33 34 
13 1 15 21 3 32 
18 16 23 20 19 2 
12 14 26 24 22 25 

swap
  5 6 7 27 30 
28 8 11 10 4 29 
0 9 17 31 33 34 
18 1 15 21 3 32 
13 16 23 20 19 2 
12 14 26 24 22 25 

swap
  5 6 7 27 30 
28 8 11 10 4 29 
0 9 17 31 33 34 
18 1 15 21 3 32 
12 16 23 20 19 2 
13 14 26 24 22 25 

swap
  5 6 7 27 30 
28 8 11 10 4 29 
0 9 15 31 33 34 
18 1 17 21 3 32 
12 16 23 20 19 2 
13 14 26 24 22 25 

swap
  5 6 7 27 30 
28 8 11 10 4 29 
0 9 15 31 33 34 
18 17 1 21 3 32 
12 16 23 20 19 2 
13 14 26 24 22 25 

swap
  5 6 7 27 30 
28 8 11 10 4 29 
0 9 15 31 33 34 
18 17 1 20 3 32 
12 16 23 21 19 2 
13 14 26 24 22 25 

swap
  5 6 7 27 30 
28 8 11 10 4 29 
0 9 15 31 33 34 
18 17 1 20 3 32 
12 16 23 24 19 2 
13 14 26 21 22 25 

swap
  5 6 7 27 30 
28 8 11 10 4 29 
0 9 15 31 33 34 
18 17 1 20 3 32 
12 16 23 24 19 2 
13 14 26 21 25 22 

swap
  5 6 7 27 30 
28 8 11 10 4 29 
0 9 15 31 33 34 
18 17 1 20 3 32 
12 16 23 24 19 2 
13 14 26 25 21 22 

swap
  5 6 10 27 30 
28 8 11 7 4 29 
0 9 15 31 33 34 
18 17 1 20 3 32 
12 16 23 24 19 2 
13 14 26 25 21 22 

swap
  5 6 10 27 30 
28 8 7 11 4 29 
0 9 15 31 33 34 
18 17 1 20 3 32 
12 16 23 24 19 2 
13 14 26 25 21 22 

swap
  5 6 10 27 30 
28 8 11 7 4 29 
0 9 15 31 33 34 
18 17 1 20 3 32 
12 16 23 24 19 2 
13 14 26 25 21 22 

no swap
  5 6 10 27 30 
28 8 11 7 4 29 
0 9 15 31 33 34 
18 17 1 20 3 32 
12 16 23 24 19 2 
13 14 26 25 21 22 

swap
  5 6 10 27 30 
28 8 7 11 4 29 
0 9 15 31 33 34 
18 17 1 20 3 32 
12 16 23 24 19 2 
13 14 26 25 21 22 

no swap
  5 6 10 27 30 
28 8 7 11 4 29 
0 9 15 31 33 34 
18 17 1 20 3 32 
12 16 23 24 19 2 
13 14 26 25 21 22 

swap
  5 6 10 27 30 
28 8 7 11 4 29 
0 9 15 31 33 34 
18 17 1 20 3 32 
12 14 23 24 19 2 
13 16 26 25 21 22 

swap
  5 6 10 27 30 
28 8 7 11 4 29 
0 9 15 31 33 34 
18 14 1 20 3 32 
12 17 23 24 19 2 
13 16 26 25 21 22 

swap
  5 6 10 27 30 
28 8 7 11 4 29 
0 14 15 31 33 34 
18 9 1 20 3 32 
12 17 23 24 19 2 
13 16 26 25 21 22 

swap
  5 6 10 27 30 
28 8 7 11 4 29 
18 14 15 31 33 34 
0 9 1 20 3 32 
12 17 23 24 19 2 
13 16 26 25 21 22 

swap
  5 6 10 27 30 
28 8 7 11 4 29 
14 18 15 31 33 34 
0 9 1 20 3 32 
12 17 23 24 19 2 
13 16 26 25 21 22 

no swap
  5 6 10 27 30 
28 8 7 11 4 29 
14 18 15 31 33 34 
0 9 1 20 3 32 
12 17 23 24 19 2 
13 16 26 25 21 22 

swap
  5 6 10 27 30 
28 8 7 11 4 29 
18 14 15 31 33 34 
0 9 1 20 3 32 
12 17 23 24 19 2 
13 16 26 25 21 22 

no swap
  5 6 10 27 30 
28 8 7 11 4 29 
18 14 15 31 33 34 
0 9 1 20 3 32 
12 17 23 24 19 2 
13 16 26 25 21 22 

swap
  5 6 10 27 30 
28 8 7 11 4 29 
18 14 15 31 33 34 
0 9 1 20 3 32 
12 17 23 24 19 22 
13 16 26 25 21 2 

swap
  5 6 10 27 30 
28 8 7 11 4 29 
18 14 15 31 33 34 
0 9 1 20 3 32 
12 17 23 24 22 19 
13 16 26 25 21 2 

swap
  5 6 10 27 30 
28 8 7 11 4 29 
18 14 15 31 33 34 
0 9 1 20 3 32 
12 17 23 22 24 19 
13 16 26 25 21 2 

no swap
  5 6 10 27 30 
28 8 7 11 4 29 
18 14 15 31 33 34 
0 9 1 20 3 32 
12 17 23 22 24 19 
13 16 26 25 21 2 

swap
  5 6 10 27 30 
28 8 7 11 4 29 
18 14 15 31 33 34 
0 9 1 20 3 32 
12 17 26 22 24 19 
13 16 23 25 21 2 

swap
  5 6 10 27 30 
28 8 7 11 4 29 
18 14 15 31 33 34 
0 9 1 20 3 32 
12 17 26 25 24 19 
13 16 23 22 21 2 

swap
  5 6 10 27 30 
28 8 7 11 4 29 
18 14 15 31 33 34 
0 9 1 20 3 32 
12 17 23 25 24 19 
13 16 26 22 21 2 

swap
  5 6 10 27 30 
28 8 7 11 4 29 
18 14 1 31 33 34 
0 9 15 20 3 32 
12 17 23 25 24 19 
13 16 26 22 21 2 

swap
  5 6 10 27 30 
28 8 7 11 4 29 
18 14 1 31 33 34 
0 9 23 20 3 32 
12 17 15 25 24 19 
13 16 26 22 21 2 

swap
  5 6 10 27 30 
28 8 7 11 4 29 
18 14 1 31 33 34 
0 9 23 20 3 32 
12 17 25 15 24 19 
13 16 26 22 21 2 

swap
  5 6 10 27 30 
28 8 7 11 4 29 
18 14 1 31 33 34 
0 9 23 20 3 32 
12 17 25 24 15 19 
13 16 26 22 21 2 

swap
  5 6 10 27 30 
28 8 7 11 4 29 
18 14 1 31 33 34 
0 9 25 20 3 32 
12 17 23 24 15 19 
13 16 26 22 21 2 

swap
  5 6 10 27 30 
28 8 7 11 4 29 
18 14 1 31 33 34 
0 9 25 20 3 32 
12 17 24 23 15 19 
13 16 26 22 21 2 

swap
  5 6 10 27 30 
28 8 7 11 4 29 
18 14 1 31 33 34 
0 9 25 20 3 32 
12 17 24 15 23 19 
13 16 26 22 21 2 

no swap
  5 6 10 27 30 
28 8 7 11 4 29 
18 14 1 31 33 34 
0 9 25 20 3 32 
12 17 24 15 23 19 
13 16 26 22 21 2 

swap
  5 6 10 27 30 
28 8 7 11 4 29 
18 14 1 31 33 34 
0 9 25 20 3 32 
12 17 24 23 15 19 
13 16 26 22 21 2 

no swap
  5 6 10 27 30 
28 8 7 11 4 29 
18 14 1 31 33 34 
0 9 25 20 3 32 
12 17 24 23 15 19 
13 16 26 22 21 2 

swap
  8 6 10 27 30 
28 5 7 11 4 29 
18 14 1 31 33 34 
0 9 25 20 3 32 
12 17 24 23 15 19 
13 16 26 22 21 2 

swap
  8 6 10 27 30 
28 14 7 11 4 29 
18 5 1 31 33 34 
0 9 25 20 3 32 
12 17 24 23 15 19 
13 16 26 22 21 2 

swap
  8 6 10 27 30 
28 14 1 11 4 29 
18 5 7 31 33 34 
0 9 25 20 3 32 
12 17 24 23 15 19 
13 16 26 22 21 2 

swap
  8 6 10 27 30 
28 14 1 11 4 29 
18 5 25 31 33 34 
0 9 7 20 3 32 
12 17 24 23 15 19 
13 16 26 22 21 2 

swap
  8 6 10 27 30 
28 14 1 11 4 29 
18 5 7 31 33 34 
0 9 25 20 3 32 
12 17 24 23 15 19 
13 16 26 22 21 2 

no swap
  8 6 10 27 30 
28 14 1 11 4 29 
18 5 7 31 33 34 
0 9 25 20 3 32 
12 17 24 23 15 19 
13 16 26 22 21 2 

no swap
  8 6 10 27 30 
28 14 1 11 4 29 
18 5 7 31 33 34 
0 9 25 20 3 32 
12 17 24 23 15 19 
13 16 26 22 21 2 

swap
  8 6 10 27 30 
28 14 1 11 4 29 
18 5 7 31 33 34 
0 9 25 20 3 32 
13 17 24 23 15 19 
12 16 26 22 21 2 

swap
  8 6 10 27 30 
28 5 1 11 4 29 
18 14 7 31 33 34 
0 9 25 20 3 32 
13 17 24 23 15 19 
12 16 26 22 21 2 

swap
  8 6 10 27 30 
28 5 1 11 4 29 
18 9 7 31 33 34 
0 14 25 20 3 32 
13 17 24 23 15 19 
12 16 26 22 21 2 

swap
  8 6 10 27 30 
28 5 1 11 4 29 
18 9 7 31 33 34 
0 17 25 20 3 32 
13 14 24 23 15 19 
12 16 26 22 21 2 

swap
  8 6 10 27 30 
28 5 1 11 4 29 
18 9 7 31 33 34 
0 17 25 20 3 32 
13 16 24 23 15 19 
12 14 26 22 21 2 

swap
  8 6 10 27 30 
28 5 1 11 4 29 
18 9 7 31 33 34 
0 17 25 20 3 32 
12 16 24 23 15 19 
13 14 26 22 21 2 

swap
  8 6 10 27 30 
28 5 1 11 4 29 
18 9 7 31 33 34 
0 17 25 20 3 32 
12 14 24 23 15 19 
13 16 26 22 21 2 

swap
  8 6 10 27 30 
28 5 1 11 4 29 
18 9 7 31 33 34 
0 17 25 23 3 32 
12 14 24 20 15 19 
13 16 26 22 21 2 

swap
  8 6 10 27 30 
28 5 1 11 4 29 
18 9 7 31 33 34 
0 17 25 23 3 32 
12 14 24 22 15 19 
13 16 26 20 21 2 

no swap
  8 6 10 27 30 
28 5 1 11 4 29 
18 9 7 31 33 34 
0 17 25 23 3 32 
12 14 24 22 15 19 
13 16 26 20 21 2 

swap
  8 6 10 27 30 
28 5 1 11 4 29 
18 9 7 31 33 34 
0 17 25 23 3 32 
12 14 24 20 15 19 
13 16 26 22 21 2 

no swap
  8 6 10 27 30 
28 5 1 11 4 29 
18 9 7 31 33 34 
0 17 25 23 3 32 
12 14 24 20 15 19 
13 16 26 22 21 2 

swap
  8 6 10 4 30 
28 5 1 11 27 29 
18 9 7 31 33 34 
0 17 25 23 3 32 
12 14 24 20 15 19 
13 16 26 22 21 2 

swap
  8 6 10 4 30 
28 5 1 11 33 29 
18 9 7 31 27 34 
0 17 25 23 3 32 
12 14 24 20 15 19 
13 16 26 22 21 2 

swap
  8 6 10 4 30 
28 5 1 11 29 33 
18 9 7 31 27 34 
0 17 25 23 3 32 
12 14 24 20 15 19 
13 16 26 22 21 2 

swap
  8 6 10 4 30 
28 5 1 29 11 33 
18 9 7 31 27 34 
0 17 25 23 3 32 
12 14 24 20 15 19 
13 16 26 22 21 2 

swap
  8 6 10 4 30 
28 5 29 1 11 33 
18 9 7 31 27 34 
0 17 25 23 3 32 
12 14 24 20 15 19 
13 16 26 22 21 2 

swap
  8 6 10 4 30 
28 29 5 1 11 33 
18 9 7 31 27 34 
0 17 25 23 3 32 
12 14 24 20 15 19 
13 16 26 22 21 2 

swap
  8 6 10 4 30 
18 29 5 1 11 33 
28 9 7 31 27 34 
0 17 25 23 3 32 
12 14 24 20 15 19 
13 16 26 22 21 2 

swap
  8 6 10 4 30 
18 29 5 1 11 33 
9 28 7 31 27 34 
0 17 25 23 3 32 
12 14 24 20 15 19 
13 16 26 22 21 2 

swap
  8 6 10 4 30 
18 29 5 1 11 33 
9 7 28 31 27 34 
0 17 25 23 3 32 
12 14 24 20 15 19 
13 16 26 22 21 2 

swap
  8 6 10 4 30 
18 7 5 1 11 33 
9 29 28 31 27 34 
0 17 25 23 3 32 
12 14 24 20 15 19 
13 16 26 22 21 2 

swap
  8 6 10 4 30 
18 7 5 1 11 33 
9 29 28 27 31 34 
0 17 25 23 3 32 
12 14 24 20 15 19 
13 16 26 22 21 2 

swap
  8 6 10 4 30 
18 7 5 1 11 33 
9 29 27 28 31 34 
0 17 25 23 3 32 
12 14 24 20 15 19 
13 16 26 22 21 2 

swap
  8 6 10 4 30 
18 7 5 1 11 33 
9 29 27 28 31 34 
0 17 25 23 3 32 
14 12 24 20 15 19 
13 16 26 22 21 2 

swap
  8 6 10 4 30 
18 7 5 1 11 33 
9 29 27 28 31 34 
0 17 25 23 3 32 
14 24 12 20 15 19 
13 16 26 22 21 2 

no swap
  8 6 10 4 30 
18 7 5 1 11 33 
9 29 27 28 31 34 
0 17 25 23 3 32 
14 24 12 20 15 19 
13 16 26 22 21 2 

swap
  8 6 10 4 30 
18 7 5 1 11 33 
9 29 27 28 31 34 
0 17 25 23 3 32 
14 24 12 15 20 19 
13 16 26 22 21 2 

swap
  8 6 10 4 30 
18 7 5 1 11 33 
9 29 27 28 31 34 
0 17 25 23 3 32 
14 24 15 12 20 19 
13 16 26 22 21 2 

no swap
  8 6 10 4 30 
18 7 5 1 11 33 
9 29 27 28 31 34 
0 17 25 23 3 32 
14 24 15 12 20 19 
13 16 26 22 21 2 

swap
  8 6 10 4 30 
18 7 5 1 11 33 
9 29 27 28 31 34 
0 17 25 12 3 32 
14 24 15 23 20 19 
13 16 26 22 21 2 

swap
  8 6 10 4 30 
18 7 5 1 11 33 
9 29 27 12 31 34 
0 17 25 28 3 32 
14 24 15 23 20 19 
13 16 26 22 21 2 

swap
  8 6 10 4 30 
18 7 5 1 11 33 
9 29 27 12 31 34 
0 17 25 28 3 19 
14 24 15 23 20 32 
13 16 26 22 21 2 

swap
  8 6 10 4 30 
18 7 5 1 11 33 
9 29 27 12 31 19 
0 17 25 28 3 34 
14 24 15 23 20 32 
13 16 26 22 21 2 

swap
  8 6 10 4 30 
18 7 5 1 11 33 
9 29 27 12 19 31 
0 17 25 28 3 34 
14 24 15 23 20 32 
13 16 26 22 21 2 

swap
  8 6 10 4 30 
18 7 5 1 11 33 
9 29 27 19 12 31 
0 17 25 28 3 34 
14 24 15 23 20 32 
13 16 26 22 21 2 

no swap
  8 6 10 4 30 
18 7 5 1 11 33 
9 29 27 19 12 31 
0 17 25 28 3 34 
14 24 15 23 20 32 
13 16 26 22 21 2 

swap
  8 6 10 4 30 
18 7 5 1 11 33 
9 29 27 12 19 31 
0 17 25 28 3 34 
14 24 15 23 20 32 
13 16 26 22 21 2 

no swap
  8 6 10 4 30 
18 7 5 1 11 33 
9 29 27 12 19 31 
0 17 25 28 3 34 
14 24 15 23 20 32 
13 16 26 22 21 2 

swap
  8 6 10 4 30 
18 7 27 1 11 33 
9 29 5 12 19 31 
0 17 25 28 3 34 
14 24 15 23 20 32 
13 16 26 22 21 2 

swap
  7 6 10 4 30 
18 8 27 1 11 33 
9 29 5 12 19 31 
0 17 25 28 3 34 
14 24 15 23 20 32 
13 16 26 22 21 2 

swap
  7 6 10 4 30 
18 29 27 1 11 33 
9 8 5 12 19 31 
0 17 25 28 3 34 
14 24 15 23 20 32 
13 16 26 22 21 2 

swap
  7 6 10 4 30 
18 29 27 1 11 33 
9 5 8 12 19 31 
0 17 25 28 3 34 
14 24 15 23 20 32 
13 16 26 22 21 2 

no swap
  7 6 10 4 30 
18 29 27 1 11 33 
9 5 8 12 19 31 
0 17 25 28 3 34 
14 24 15 23 20 32 
13 16 26 22 21 2 

swap
  7 6 10 4 30 
18 29 27 1 11 33 
9 8 5 12 19 31 
0 17 25 28 3 34 
14 24 15 23 20 32 
13 16 26 22 21 2 

no swap
  7 6 10 4 30 
18 29 27 1 11 33 
9 8 5 12 19 31 
0 17 25 28 3 34 
14 24 15 23 20 32 
13 16 26 22 21 2 

swap
  7 6 10 4 30 
18 29 27 1 11 33 
9 8 5 12 19 31 
0 17 25 28 20 34 
14 24 15 23 3 32 
13 16 26 22 21 2 

swap
  7 6 10 4 30 
18 29 27 1 11 33 
9 8 5 12 20 31 
0 17 25 28 19 34 
14 24 15 23 3 32 
13 16 26 22 21 2 

swap
  7 6 10 4 30 
18 29 27 1 20 33 
9 8 5 12 11 31 
0 17 25 28 19 34 
14 24 15 23 3 32 
13 16 26 22 21 2 

swap
  7 6 10 4 30 
18 29 27 20 1 33 
9 8 5 12 11 31 
0 17 25 28 19 34 
14 24 15 23 3 32 
13 16 26 22 21 2 

swap
  7 6 10 4 30 
18 29 27 20 1 33 
9 8 5 12 11 31 
0 17 25 23 19 34 
14 24 15 28 3 32 
13 16 26 22 21 2 

swap
  7 6 10 4 30 
18 29 27 20 1 33 
9 8 5 23 11 31 
0 17 25 12 19 34 
14 24 15 28 3 32 
13 16 26 22 21 2 

swap
  7 6 10 4 30 
18 29 27 23 1 33 
9 8 5 20 11 31 
0 17 25 12 19 34 
14 24 15 28 3 32 
13 16 26 22 21 2 

no swap
  7 6 10 4 30 
18 29 27 23 1 33 
9 8 5 20 11 31 
0 17 25 12 19 34 
14 24 15 28 3 32 
13 16 26 22 21 2 

swap
  7 6 10 4 30 
18 29 27 20 1 33 
9 8 5 23 11 31 
0 17 25 12 19 34 
14 24 15 28 3 32 
13 16 26 22 21 2 

no swap
  7 6 10 4 30 
18 29 27 20 1 33 
9 8 5 23 11 31 
0 17 25 12 19 34 
14 24 15 28 3 32 
13 16 26 22 21 2 

swap
  7 6 10 4 30 
18 29 27 20 1 33 
9 8 5 23 11 31 
0 17 25 12 19 34 
14 24 15 28 3 2 
13 16 26 22 21 32 

swap
  7 6 10 4 30 
18 29 27 20 1 33 
9 8 5 23 11 31 
0 17 25 12 19 2 
14 24 15 28 3 34 
13 16 26 22 21 32 

swap
  7 6 10 4 30 
18 29 27 20 1 33 
9 8 5 23 11 2 
0 17 25 12 19 31 
14 24 15 28 3 34 
13 16 26 22 21 32 

swap
  7 6 10 4 30 
18 29 27 20 1 33 
9 8 5 23 2 11 
0 17 25 12 19 31 
14 24 15 28 3 34 
13 16 26 22 21 32 

swap
  7 6 10 4 30 
18 29 27 20 1 33 
9 8 5 2 23 11 
0 17 25 12 19 31 
14 24 15 28 3 34 
13 16 26 22 21 32 

swap
  7 6 10 1 30 
18 29 27 20 4 33 
9 8 5 2 23 11 
0 17 25 12 19 31 
14 24 15 28 3 34 
13 16 26 22 21 32 

swap
  7 6 10 1 30 
18 29 27 20 23 33 
9 8 5 2 4 11 
0 17 25 12 19 31 
14 24 15 28 3 34 
13 16 26 22 21 32 

no swap
  7 6 10 1 30 
18 29 27 20 23 33 
9 8 5 2 4 11 
0 17 25 12 19 31 
14 24 15 28 3 34 
13 16 26 22 21 32 

no swap
  7 6 10 1 30 
18 29 27 20 23 33 
9 8 5 2 4 11 
0 17 25 12 19 31 
14 24 15 28 3 34 
13 16 26 22 21 32 

swap
  7 6 10 1 30 
18 29 27 20 23 33 
0 8 5 2 4 11 
9 17 25 12 19 31 
14 24 15 28 3 34 
13 16 26 22 21 32 

swap
  7 6 10 1 30 
18 29 27 20 23 33 
0 8 5 2 4 11 
17 9 25 12 19 31 
14 24 15 28 3 34 
13 16 26 22 21 32 

swap
  7 6 10 1 30 
18 29 27 20 23 33 
0 8 5 2 4 11 
17 25 9 12 19 31 
14 24 15 28 3 34 
13 16 26 22 21 32 

swap
  7 6 10 1 30 
18 29 27 20 23 33 
0 8 5 2 4 31 
17 25 9 12 19 11 
14 24 15 28 3 34 
13 16 26 22 21 32 

swap
  7 6 10 1 30 
18 29 27 20 23 33 
0 8 5 2 4 31 
17 25 9 12 11 19 
14 24 15 28 3 34 
13 16 26 22 21 32 

swap
  7 6 10 1 30 
18 29 27 20 23 33 
0 8 5 2 4 31 
17 25 9 11 12 19 
14 24 15 28 3 34 
13 16 26 22 21 32 

swap
  7 6 10 1 30 
18 29 27 20 23 33 
0 8 5 2 4 31 
17 25 11 9 12 19 
14 24 15 28 3 34 
13 16 26 22 21 32 

no swap
  7 6 10 1 30 
18 29 27 20 23 33 
0 8 5 2 4 31 
17 25 11 9 12 19 
14 24 15 28 3 34 
13 16 26 22 21 32 

swap
  7 6 10 1 30 
18 29 27 20 23 33 
0 8 5 2 4 31 
17 25 11 9 12 19 
14 16 15 28 3 34 
13 24 26 22 21 32 

swap
  7 6 10 1 30 
18 29 27 20 23 33 
0 8 5 2 4 31 
17 16 11 9 12 19 
14 25 15 28 3 34 
13 24 26 22 21 32 

swap
  7 6 10 1 30 
18 29 27 20 23 33 
0 16 5 2 4 31 
17 8 11 9 12 19 
14 25 15 28 3 34 
13 24 26 22 21 32 

swap
  7 6 10 1 30 
18 16 27 20 23 33 
0 29 5 2 4 31 
17 8 11 9 12 19 
14 25 15 28 3 34 
13 24 26 22 21 32 

swap
  7 6 10 1 30 
18 27 16 20 23 33 
0 29 5 2 4 31 
17 8 11 9 12 19 
14 25 15 28 3 34 
13 24 26 22 21 32 

swap
  7 6 10 1 30 
27 18 16 20 23 33 
0 29 5 2 4 31 
17 8 11 9 12 19 
14 25 15 28 3 34 
13 24 26 22 21 32 

no swap
  7 6 10 1 30 
27 18 16 20 23 33 
0 29 5 2 4 31 
17 8 11 9 12 19 
14 25 15 28 3 34 
13 24 26 22 21 32 

no swap
  7 6 10 1 30 
27 18 16 20 23 33 
0 29 5 2 4 31 
17 8 11 9 12 19 
14 25 15 28 3 34 
13 24 26 22 21 32 

swap
  7 6 10 1 30 
27 18 16 20 23 33 
0 29 5 2 4 31 
17 8 11 9 12 19 
14 24 15 28 3 34 
13 25 26 22 21 32 

swap
  7 6 10 1 30 
27 18 16 20 23 33 
0 29 5 2 4 31 
17 24 11 9 12 19 
14 8 15 28 3 34 
13 25 26 22 21 32 

swap
  7 6 10 1 30 
27 18 16 20 23 33 
0 24 5 2 4 31 
17 29 11 9 12 19 
14 8 15 28 3 34 
13 25 26 22 21 32 

swap
  7 6 10 1 30 
27 24 16 20 23 33 
0 18 5 2 4 31 
17 29 11 9 12 19 
14 8 15 28 3 34 
13 25 26 22 21 32 

swap
  7 6 10 1 30 
27 24 16 20 23 33 
0 18 5 2 4 31 
17 29 11 9 12 19 
14 8 26 28 3 34 
13 25 15 22 21 32 

swap
  7 6 10 1 30 
27 24 16 20 23 33 
0 18 5 2 4 31 
17 29 26 9 12 19 
14 8 11 28 3 34 
13 25 15 22 21 32 

swap
  7 6 10 1 30 
27 24 16 20 23 33 
0 18 26 2 4 31 
17 29 5 9 12 19 
14 8 11 28 3 34 
13 25 15 22 21 32 

swap
  7 6 10 1 30 
27 24 26 20 23 33 
0 18 16 2 4 31 
17 29 5 9 12 19 
14 8 11 28 3 34 
13 25 15 22 21 32 

no swap
  7 6 10 1 30 
27 24 26 20 23 33 
0 18 16 2 4 31 
17 29 5 9 12 19 
14 8 11 28 3 34 
13 25 15 22 21 32 

no swap
  7 6 10 1 30 
27 24 26 20 23 33 
0 18 16 2 4 31 
17 29 5 9 12 19 
14 8 11 28 3 34 
13 25 15 22 21 32 

swap
  7 6 10 1 30 
27 24 26 20 23 33 
0 18 16 2 4 31 
17 29 5 9 12 19 
14 8 15 28 3 34 
13 25 11 22 21 32 

swap
  7 6 10 1 30 
27 24 26 20 23 33 
0 18 16 2 4 31 
17 29 15 9 12 19 
14 8 5 28 3 34 
13 25 11 22 21 32 

swap
  7 6 10 1 30 
27 24 26 20 23 33 
0 18 16 2 4 31 
17 29 9 15 12 19 
14 8 5 28 3 34 
13 25 11 22 21 32 

swap
  7 6 10 1 30 
27 24 26 20 23 33 
0 18 16 2 4 31 
17 29 9 12 15 19 
14 8 5 28 3 34 
13 25 11 22 21 32 

swap
  7 6 10 1 30 
27 24 26 20 4 33 
0 18 16 2 23 31 
17 29 9 12 15 19 
14 8 5 28 3 34 
13 25 11 22 21 32 

swap
  7 6 10 1 30 
27 24 26 20 4 33 
0 18 16 2 15 31 
17 29 9 12 23 19 
14 8 5 28 3 34 
13 25 11 22 21 32 

no swap
  7 6 10 1 30 
27 24 26 20 4 33 
0 18 16 2 15 31 
17 29 9 12 23 19 
14 8 5 28 3 34 
13 25 11 22 21 32 

swap
  7 6 10 1 30 
27 24 26 20 4 33 
0 18 16 2 23 31 
17 29 9 12 15 19 
14 8 5 28 3 34 
13 25 11 22 21 32 

no swap
  7 6 10 1 30 
27 24 26 20 4 33 
0 18 16 2 23 31 
17 29 9 12 15 19 
14 8 5 28 3 34 
13 25 11 22 21 32 

swap
  24 6 10 1 30 
27 7 26 20 4 33 
0 18 16 2 23 31 
17 29 9 12 15 19 
14 8 5 28 3 34 
13 25 11 22 21 32 

swap
  24 6 10 1 30 
27 18 26 20 4 33 
0 7 16 2 23 31 
17 29 9 12 15 19 
14 8 5 28 3 34 
13 25 11 22 21 32 

swap
  24 6 10 1 30 
27 18 26 20 4 33 
0 29 16 2 23 31 
17 7 9 12 15 19 
14 8 5 28 3 34 
13 25 11 22 21 32 

swap
  24 6 10 1 30 
27 18 26 20 4 33 
0 29 16 2 23 31 
17 7 9 12 15 19 
14 8 11 28 3 34 
13 25 5 22 21 32 

swap
  24 6 10 1 30 
27 18 26 20 4 33 
0 29 16 2 23 31 
17 7 11 12 15 19 
14 8 9 28 3 34 
13 25 5 22 21 32 

no swap
  24 6 10 1 30 
27 18 26 20 4 33 
0 29 16 2 23 31 
17 7 11 12 15 19 
14 8 9 28 3 34 
13 25 5 22 21 32 

no swap
  24 6 10 1 30 
27 18 26 20 4 33 
0 29 16 2 23 31 
17 7 11 12 15 19 
14 8 9 28 3 34 
13 25 5 22 21 32 

swap
  24 6 10 1 30 
27 18 26 20 4 33 
0 29 16 2 23 31 
14 7 11 12 15 19 
17 8 9 28 3 34 
13 25 5 22 21 32 

swap
  24 6 10 1 30 
27 18 26 20 4 33 
0 29 16 2 23 31 
7 14 11 12 15 19 
17 8 9 28 3 34 
13 25 5 22 21 32 

swap
  24 6 10 1 30 
27 18 26 20 4 33 
0 29 16 2 23 31 
7 11 14 12 15 19 
17 8 9 28 3 34 
13 25 5 22 21 32 

swap
  24 6 10 1 30 
27 18 26 20 4 33 
0 29 16 2 23 31 
7 11 12 14 15 19 
17 8 9 28 3 34 
13 25 5 22 21 32 

swap
  24 6 10 1 30 
27 29 26 20 4 33 
0 18 16 2 23 31 
7 11 12 14 15 19 
17 8 9 28 3 34 
13 25 5 22 21 32 

swap
  24 6 10 1 30 
27 29 26 20 4 33 
0 11 16 2 23 31 
7 18 12 14 15 19 
17 8 9 28 3 34 
13 25 5 22 21 32 

swap
  24 6 10 1 30 
27 29 26 20 4 33 
0 11 16 2 23 31 
7 12 18 14 15 19 
17 8 9 28 3 34 
13 25 5 22 21 32 

swap
  24 6 10 1 30 
27 29 26 20 4 33 
0 11 16 2 23 31 
7 12 14 18 15 19 
17 8 9 28 3 34 
13 25 5 22 21 32 

no swap
  24 6 10 1 30 
27 29 26 20 4 33 
0 11 16 2 23 31 
7 12 14 18 15 19 
17 8 9 28 3 34 
13 25 5 22 21 32 

swap
  24 6 10 1 30 
27 29 26 20 4 33 
0 11 16 2 23 31 
7 12 18 14 15 19 
17 8 9 28 3 34 
13 25 5 22 21 32 

no swap
  24 6 10 1 30 
27 29 26 20 4 33 
0 11 16 2 23 31 
7 12 18 14 15 19 
17 8 9 28 3 34 
13 25 5 22 21 32 

swap
  24 6 10 1 30 
27 29 26 20 4 33 
0 11 16 2 23 31 
7 12 18 14 15 19 
17 8 9 22 3 34 
13 25 5 28 21 32 

swap
  24 6 10 1 30 
27 29 26 20 4 33 
0 11 16 2 23 31 
7 12 18 22 15 19 
17 8 9 14 3 34 
13 25 5 28 21 32 

swap
  24 6 10 1 30 
27 29 26 20 4 33 
0 11 16 22 23 31 
7 12 18 2 15 19 
17 8 9 14 3 34 
13 25 5 28 21 32 

swap
  24 6 10 1 30 
27 29 16 20 4 33 
0 11 26 22 23 31 
7 12 18 2 15 19 
17 8 9 14 3 34 
13 25 5 28 21 32 

swap
  24 6 10 1 30 
27 29 16 20 4 33 
0 11 22 26 23 31 
7 12 18 2 15 19 
17 8 9 14 3 34 
13 25 5 28 21 32 

no swap
  24 6 10 1 30 
27 29 16 20 4 33 
0 11 22 26 23 31 
7 12 18 2 15 19 
17 8 9 14 3 34 
13 25 5 28 21 32 

swap
  24 6 10 1 30 
27 29 16 20 4 33 
0 11 26 22 23 31 
7 12 18 2 15 19 
17 8 9 14 3 34 
13 25 5 28 21 32 

no swap
  24 6 10 1 30 
27 29 16 20 4 33 
0 11 26 22 23 31 
7 12 18 2 15 19 
17 8 9 14 3 34 
13 25 5 28 21 32 

swap
  24 6 10 1 30 
27 29 16 20 4 33 
7 11 26 22 23 31 
0 12 18 2 15 19 
17 8 9 14 3 34 
13 25 5 28 21 32 

swap
  24 6 10 1 30 
27 29 16 20 4 33 
7 11 26 22 23 31 
12 0 18 2 15 19 
17 8 9 14 3 34 
13 25 5 28 21 32 

swap
  24 6 10 1 30 
27 29 16 20 4 33 
7 11 26 22 23 31 
12 18 0 2 15 19 
17 8 9 14 3 34 
13 25 5 28 21 32 

swap
  24 6 10 4 30 
27 29 16 20 1 33 
7 11 26 22 23 31 
12 18 0 2 15 19 
17 8 9 14 3 34 
13 25 5 28 21 32 

swap
  24 6 10 4 30 
27 29 16 20 23 33 
7 11 26 22 1 31 
12 18 0 2 15 19 
17 8 9 14 3 34 
13 25 5 28 21 32 

swap
  24 6 10 4 30 
27 29 16 20 23 33 
7 11 26 22 15 31 
12 18 0 2 1 19 
17 8 9 14 3 34 
13 25 5 28 21 32 

swap
  24 6 10 4 30 
27 29 16 20 23 33 
7 11 26 22 15 31 
12 18 0 1 2 19 
17 8 9 14 3 34 
13 25 5 28 21 32 

swap
  24 6 10 4 30 
27 29 16 20 23 33 
7 11 26 22 15 31 
12 18 1 0 2 19 
17 8 9 14 3 34 
13 25 5 28 21 32 

no swap
  24 6 10 4 30 
27 29 16 20 23 33 
7 11 26 22 15 31 
12 18 1 0 2 19 
17 8 9 14 3 34 
13 25 5 28 21 32 

swap
  24 6 10 4 30 
27 29 16 20 23 33 
7 11 26 22 15 31 
12 18 1 0 2 19 
17 8 9 14 21 34 
13 25 5 28 3 32 

swap
  24 6 10 4 30 
27 29 16 20 23 33 
7 11 26 22 15 31 
12 18 1 0 2 19 
17 8 9 14 21 34 
13 25 5 3 28 32 

swap
  24 6 10 4 30 
27 29 16 20 23 33 
7 11 26 22 15 31 
12 18 1 0 2 19 
17 8 9 3 21 34 
13 25 5 14 28 32 

swap
  24 6 10 4 30 
27 29 16 20 23 33 
7 11 26 22 15 31 
12 18 1 3 2 19 
17 8 9 0 21 34 
13 25 5 14 28 32 

swap
  24 6 10 4 30 
27 29 16 20 23 33 
7 11 26 3 15 31 
12 18 1 22 2 19 
17 8 9 0 21 34 
13 25 5 14 28 32 

swap
  24 6 10 4 30 
27 29 16 3 23 33 
7 11 26 20 15 31 
12 18 1 22 2 19 
17 8 9 0 21 34 
13 25 5 14 28 32 

swap
  24 6 3 4 30 
27 29 16 10 23 33 
7 11 26 20 15 31 
12 18 1 22 2 19 
17 8 9 0 21 34 
13 25 5 14 28 32 

swap
  24 6 3 23 30 
27 29 16 10 4 33 
7 11 26 20 15 31 
12 18 1 22 2 19 
17 8 9 0 21 34 
13 25 5 14 28 32 

swap
  24 6 3 23 30 
27 29 16 10 15 33 
7 11 26 20 4 31 
12 18 1 22 2 19 
17 8 9 0 21 34 
13 25 5 14 28 32 

swap
  24 6 3 23 30 
27 29 16 10 15 33 
7 11 26 20 2 31 
12 18 1 22 4 19 
17 8 9 0 21 34 
13 25 5 14 28 32 

swap
  24 6 3 23 30 
27 29 16 10 15 33 
7 11 26 20 2 31 
12 18 1 22 21 19 
17 8 9 0 4 34 
13 25 5 14 28 32 

swap
  24 6 3 23 30 
27 29 16 10 15 33 
7 11 26 20 2 31 
12 18 1 22 21 19 
17 8 9 0 28 34 
13 25 5 14 4 32 

swap
  24 6 3 23 30 
27 29 16 10 15 33 
7 11 26 20 2 31 
12 18 1 22 21 19 
17 8 9 0 28 34 
13 25 5 4 14 32 

swap
  24 16 3 23 30 
27 29 6 10 15 33 
7 11 26 20 2 31 
12 18 1 22 21 19 
17 8 9 0 28 34 
13 25 5 4 14 32 

swap
  24 16 3 23 30 
27 29 26 10 15 33 
7 11 6 20 2 31 
12 18 1 22 21 19 
17 8 9 0 28 34 
13 25 5 4 14 32 

swap
  24 16 3 23 30 
27 29 26 10 15 33 
7 11 1 20 2 31 
12 18 6 22 21 19 
17 8 9 0 28 34 
13 25 5 4 14 32 

swap
  24 16 3 23 30 
27 29 26 10 15 33 
12 11 1 20 2 31 
7 18 6 22 21 19 
17 8 9 0 28 34 
13 25 5 4 14 32 

swap
  24 16 3 23 30 
27 29 26 10 15 33 
12 11 1 20 2 31 
17 18 6 22 21 19 
7 8 9 0 28 34 
13 25 5 4 14 32 

swap
  24 16 3 23 30 
27 29 26 10 15 33 
12 11 1 20 2 31 
17 18 6 22 21 19 
8 7 9 0 28 34 
13 25 5 4 14 32 

swap
  24 16 3 23 30 
27 29 26 10 15 33 
12 11 1 20 2 31 
17 18 9 22 21 19 
8 7 6 0 28 34 
13 25 5 4 14 32 

swap
  24 16 3 23 30 
27 29 26 10 15 33 
12 11 1 20 2 31 
17 7 9 22 21 19 
8 18 6 0 28 34 
13 25 5 4 14 32 

swap
  24 16 3 23 30 
27 29 26 20 15 33 
12 11 1 10 2 31 
17 7 9 22 21 19 
8 18 6 0 28 34 
13 25 5 4 14 32 

swap
  24 16 3 23 30 
27 29 26 20 15 33 
12 11 10 1 2 31 
17 7 9 22 21 19 
8 18 6 0 28 34 
13 25 5 4 14 32 

swap
  24 16 3 23 30 
27 29 26 20 15 33 
12 10 11 1 2 31 
17 7 9 22 21 19 
8 18 6 0 28 34 
13 25 5 4 14 32 

no swap
  24 16 3 23 30 
27 29 26 20 15 33 
12 10 11 1 2 31 
17 7 9 22 21 19 
8 18 6 0 28 34 
13 25 5 4 14 32 

swap
  24 16 3 23 30 
27 29 26 20 15 33 
12 11 10 1 2 31 
17 7 9 22 21 19 
8 18 6 0 28 34 
13 25 5 4 14 32 

swap
  24 16 3 23 30 
27 29 26 20 15 33 
12 11 10 1 2 31 
17 7 9 22 21 19 
13 18 6 0 28 34 
8 25 5 4 14 32 

swap
  24 16 3 23 30 
27 29 26 20 15 33 
12 11 10 1 2 31 
13 7 9 22 21 19 
17 18 6 0 28 34 
8 25 5 4 14 32 

swap
  24 16 3 23 30 
27 29 26 20 15 33 
13 11 10 1 2 31 
12 7 9 22 21 19 
17 18 6 0 28 34 
8 25 5 4 14 32 

swap
  24 16 3 23 30 
13 29 26 20 15 33 
27 11 10 1 2 31 
12 7 9 22 21 19 
17 18 6 0 28 34 
8 25 5 4 14 32 

swap
  24 26 3 23 30 
13 29 16 20 15 33 
27 11 10 1 2 31 
12 7 9 22 21 19 
17 18 6 0 28 34 
8 25 5 4 14 32 

swap
  24 26 3 23 30 
29 13 16 20 15 33 
27 11 10 1 2 31 
12 7 9 22 21 19 
17 18 6 0 28 34 
8 25 5 4 14 32 

swap
  24 26 3 23 30 
29 13 16 20 15 33 
27 11 10 1 2 31 
12 7 9 22 21 19 
17 18 6 0 14 34 
8 25 5 4 28 32 

swap
  24 26 3 23 30 
29 13 16 20 15 33 
27 11 10 1 2 31 
12 7 9 22 14 19 
17 18 6 0 21 34 
8 25 5 4 28 32 

swap
  24 26 3 23 30 
29 13 16 20 15 33 
27 11 10 1 14 31 
12 7 9 22 2 19 
17 18 6 0 21 34 
8 25 5 4 28 32 

swap
  24 26 3 23 30 
29 13 16 20 14 33 
27 11 10 1 15 31 
12 7 9 22 2 19 
17 18 6 0 21 34 
8 25 5 4 28 32 

swap
  24 26 3 23 30 
29 13 16 14 20 33 
27 11 10 1 15 31 
12 7 9 22 2 19 
17 18 6 0 21 34 
8 25 5 4 28 32 

swap
  24 26 3 23 30 
29 16 13 14 20 33 
27 11 10 1 15 31 
12 7 9 22 2 19 
17 18 6 0 21 34 
8 25 5 4 28 32 

swap
  24 26 3 23 30 
29 16 14 13 20 33 
27 11 10 1 15 31 
12 7 9 22 2 19 
17 18 6 0 21 34 
8 25 5 4 28 32 

swap
  24 26 3 23 30 
29 16 14 13 20 33 
27 11 10 1 15 31 
17 7 9 22 2 19 
12 18 6 0 21 34 
8 25 5 4 28 32 

swap
  24 26 3 23 30 
29 16 14 13 20 33 
17 11 10 1 15 31 
27 7 9 22 2 19 
12 18 6 0 21 34 
8 25 5 4 28 32 

swap
  24 26 3 23 30 
17 16 14 13 20 33 
29 11 10 1 15 31 
27 7 9 22 2 19 
12 18 6 0 21 34 
8 25 5 4 28 32 

swap
  24 26 3 23 30 
16 17 14 13 20 33 
29 11 10 1 15 31 
27 7 9 22 2 19 
12 18 6 0 21 34 
8 25 5 4 28 32 

swap
  24 26 3 23 30 
16 14 17 13 20 33 
29 11 10 1 15 31 
27 7 9 22 2 19 
12 18 6 0 21 34 
8 25 5 4 28 32 

swap
  24 26 3 23 30 
16 14 13 17 20 33 
29 11 10 1 15 31 
27 7 9 22 2 19 
12 18 6 0 21 34 
8 25 5 4 28 32 

swap
  24 26 3 23 30 
16 14 13 1 20 33 
29 11 10 17 15 31 
27 7 9 22 2 19 
12 18 6 0 21 34 
8 25 5 4 28 32 

swap
  24 26 3 23 30 
16 14 13 1 20 33 
29 11 10 22 15 31 
27 7 9 17 2 19 
12 18 6 0 21 34 
8 25 5 4 28 32 

swap
  24 26 3 23 30 
16 14 13 1 20 33 
29 11 10 22 15 31 
27 7 9 0 2 19 
12 18 6 17 21 34 
8 25 5 4 28 32 

swap
  24 26 3 23 30 
16 14 13 1 20 33 
29 11 10 22 15 31 
27 7 9 0 2 19 
12 18 17 6 21 34 
8 25 5 4 28 32 

swap
  24 26 3 23 30 
16 14 13 1 20 33 
29 11 10 22 15 31 
27 18 9 0 2 19 
12 7 17 6 21 34 
8 25 5 4 28 32 

swap
  24 26 3 23 30 
16 14 13 1 20 33 
29 18 10 22 15 31 
27 11 9 0 2 19 
12 7 17 6 21 34 
8 25 5 4 28 32 

swap
  24 26 3 23 30 
16 18 13 1 20 33 
29 14 10 22 15 31 
27 11 9 0 2 19 
12 7 17 6 21 34 
8 25 5 4 28 32 

swap
  24 26 3 23 30 
16 13 18 1 20 33 
29 14 10 22 15 31 
27 11 9 0 2 19 
12 7 17 6 21 34 
8 25 5 4 28 32 

swap
  24 26 3 23 30 
16 13 1 18 20 33 
29 14 10 22 15 31 
27 11 9 0 2 19 
12 7 17 6 21 34 
8 25 5 4 28 32 

swap
  24 26 3 23 30 
16 13 1 18 20 33 
29 14 10 22 15 31 
27 11 9 0 21 19 
12 7 17 6 2 34 
8 25 5 4 28 32 

swap
  24 26 3 23 30 
16 13 1 18 20 33 
29 14 10 22 21 31 
27 11 9 0 15 19 
12 7 17 6 2 34 
8 25 5 4 28 32 

swap
  24 26 3 23 30 
16 13 1 18 21 33 
29 14 10 22 20 31 
27 11 9 0 15 19 
12 7 17 6 2 34 
8 25 5 4 28 32 

swap
  24 26 3 21 30 
16 13 1 18 23 33 
29 14 10 22 20 31 
27 11 9 0 15 19 
12 7 17 6 2 34 
8 25 5 4 28 32 

swap
  24 26 21 3 30 
16 13 1 18 23 33 
29 14 10 22 20 31 
27 11 9 0 15 19 
12 7 17 6 2 34 
8 25 5 4 28 32 

swap
  24 21 26 3 30 
16 13 1 18 23 33 
29 14 10 22 20 31 
27 11 9 0 15 19 
12 7 17 6 2 34 
8 25 5 4 28 32 

swap
  24 21 26 3 30 
16 13 1 22 23 33 
29 14 10 18 20 31 
27 11 9 0 15 19 
12 7 17 6 2 34 
8 25 5 4 28 32 

swap
  24 21 22 3 30 
16 13 1 26 23 33 
29 14 10 18 20 31 
27 11 9 0 15 19 
12 7 17 6 2 34 
8 25 5 4 28 32 

swap
  24 22 21 3 30 
16 13 1 26 23 33 
29 14 10 18 20 31 
27 11 9 0 15 19 
12 7 17 6 2 34 
8 25 5 4 28 32 

no swap
  24 22 21 3 30 
16 13 1 26 23 33 
29 14 10 18 20 31 
27 11 9 0 15 19 
12 7 17 6 2 34 
8 25 5 4 28 32 

no swap
  24 22 21 3 30 
16 13 1 26 23 33 
29 14 10 18 20 31 
27 11 9 0 15 19 
12 7 17 6 2 34 
8 25 5 4 28 32 

swap
  24 22 21 3 30 
16 13 1 26 23 33 
29 14 10 18 20 31 
27 11 9 0 15 19 
12 25 17 6 2 34 
8 7 5 4 28 32 

swap
  24 22 21 3 30 
16 13 1 26 23 33 
29 14 10 18 20 31 
27 25 9 0 15 19 
12 11 17 6 2 34 
8 7 5 4 28 32 

swap
  24 22 21 3 30 
16 13 1 26 23 33 
29 25 10 18 20 31 
27 14 9 0 15 19 
12 11 17 6 2 34 
8 7 5 4 28 32 

swap
  24 22 21 3 30 
16 25 1 26 23 33 
29 13 10 18 20 31 
27 14 9 0 15 19 
12 11 17 6 2 34 
8 7 5 4 28 32 

swap
  24 22 21 3 30 
16 1 25 26 23 33 
29 13 10 18 20 31 
27 14 9 0 15 19 
12 11 17 6 2 34 
8 7 5 4 28 32 

swap
  24 22 21 3 30 
16 1 25 18 23 33 
29 13 10 26 20 31 
27 14 9 0 15 19 
12 11 17 6 2 34 
8 7 5 4 28 32 

swap
  24 22 21 3 30 
16 1 25 18 23 33 
29 13 10 0 20 31 
27 14 9 26 15 19 
12 11 17 6 2 34 
8 7 5 4 28 32 

swap
  24 22 21 3 30 
16 1 25 18 23 33 
29 13 10 0 20 31 
27 14 26 9 15 19 
12 11 17 6 2 34 
8 7 5 4 28 32 

swap
  24 22 21 3 30 
16 1 25 18 23 33 
29 13 10 0 20 31 
27 26 14 9 15 19 
12 11 17 6 2 34 
8 7 5 4 28 32 

swap
  24 22 21 3 30 
16 1 25 18 23 33 
29 13 10 0 20 31 
27 26 14 9 15 19 
12 11 17 6 28 34 
8 7 5 4 2 32 

swap
  24 22 21 3 30 
16 1 25 18 23 33 
29 13 10 0 20 31 
27 26 14 9 28 19 
12 11 17 6 15 34 
8 7 5 4 2 32 

swap
  24 22 21 3 30 
16 1 25 18 23 33 
29 13 10 0 28 31 
27 26 14 9 20 19 
12 11 17 6 15 34 
8 7 5 4 2 32 

swap
  24 22 21 3 30 
16 1 25 18 23 33 
13 29 10 0 28 31 
27 26 14 9 20 19 
12 11 17 6 15 34 
8 7 5 4 2 32 

swap
  24 22 21 3 30 
16 1 25 18 23 33 
13 10 29 0 28 31 
27 26 14 9 20 19 
12 11 17 6 15 34 
8 7 5 4 2 32 

swap
  24 22 21 3 30 
16 1 25 18 23 33 
13 10 0 29 28 31 
27 26 14 9 20 19 
12 11 17 6 15 34 
8 7 5 4 2 32 

swap
  24 22 21 3 30 
16 1 25 18 23 33 
13 10 0 28 29 31 
27 26 14 9 20 19 
12 11 17 6 15 34 
8 7 5 4 2 32 

no swap
  24 22 21 3 30 
16 1 25 18 23 33 
13 10 0 28 29 31 
27 26 14 9 20 19 
12 11 17 6 15 34 
8 7 5 4 2 32 

no swap
  24 22 21 3 30 
16 1 25 18 23 33 
13 10 0 28 29 31 
27 26 14 9 20 19 
12 11 17 6 15 34 
8 7 5 4 2 32 

no swap
  24 22 21 3 30 
16 1 25 18 23 33 
13 10 0 28 29 31 
27 26 14 9 20 19 
12 11 17 6 15 34 
8 7 5 4 2 32 

no swap
  24 22 21 3 30 
16 1 25 18 23 33 
13 10 0 28 29 31 
27 26 14 9 20 19 
12 11 17 6 15 34 
8 7 5 4 2 32 

no swap
  24 22 21 3 30 
16 1 25 18 23 33 
13 10 0 28 29 31 
27 26 14 9 20 19 
12 11 17 6 15 34 
8 7 5 4 2 32 

no swap
  24 22 21 3 30 
16 1 25 18 23 33 
13 10 0 28 29 31 
27 26 14 9 20 19 
12 11 17 6 15 34 
8 7 5 4 2 32 

no swap
  24 22 21 3 30 
16 1 25 18 23 33 
13 10 0 28 29 31 
27 26 14 9 20 19 
12 11 17 6 15 34 
8 7 5 4 2 32 

no swap
  24 22 21 3 30 
16 1 25 18 23 33 
13 10 0 28 29 31 
27 26 14 9 20 19 
12 11 17 6 15 34 
8 7 5 4 2 32 

no swap
  24 22 21 3 30 
16 1 25 18 23 33 
13 10 0 28 29 31 
27 26 14 9 20 19 
12 11 17 6 15 34 
8 7 5 4 2 32 

