    8     
1 14 4 13 0 
7 3 2 5 9 
16 12 6 11 15 
    10     

no swap
    8     
1 14 4 13 0 
7 3 2 5 9 
16 12 6 11 15 
    10     

swap
    8     
14 1 4 13 0 
7 3 2 5 9 
16 12 6 11 15 
    10     

swap
    8     
14 4 1 13 0 
7 3 2 5 9 
16 12 6 11 15 
    10     

swap
    8     
14 4 13 1 0 
7 3 2 5 9 
16 12 6 11 15 
    10     

no swap
    8     
14 4 13 1 0 
7 3 2 5 9 
16 12 6 11 15 
    10     

swap
    8     
14 4 2 1 0 
7 3 13 5 9 
16 12 6 11 15 
    10     

swap
    8     
14 4 1 2 0 
7 3 13 5 9 
16 12 6 11 15 
    10     

no swap
    8     
14 4 1 2 0 
7 3 13 5 9 
16 12 6 11 15 
    10     

swap
    8     
14 3 1 2 0 
7 4 13 5 9 
16 12 6 11 15 
    10     

swap
    8     
14 1 3 2 0 
7 4 13 5 9 
16 12 6 11 15 
    10     

swap
    8     
14 1 2 3 0 
7 4 13 5 9 
16 12 6 11 15 
    10     

no swap
    8     
14 1 2 3 0 
7 4 13 5 9 
16 12 6 11 15 
    10     

swap
    8     
14 4 2 3 0 
7 1 13 5 9 
16 12 6 11 15 
    10     

swap
    8     
14 2 4 3 0 
7 1 13 5 9 
16 12 6 11 15 
    10     

swap
    8     
14 2 3 4 0 
7 1 13 5 9 
16 12 6 11 15 
    10     

no swap
    8     
14 2 3 4 0 
7 1 13 5 9 
16 12 6 11 15 
    10     

swap
    8     
14 2 3 5 0 
7 1 13 4 9 
16 12 6 11 15 
    10     

no swap
    8     
14 2 3 5 0 
7 1 13 4 9 
16 12 6 11 15 
    10     

swap
    8     
14 2 3 5 0 
7 1 6 4 9 
16 12 13 11 15 
    10     

swap
    8     
14 2 6 5 0 
7 1 3 4 9 
16 12 13 11 15 
    10     

swap
    8     
14 2 5 6 0 
7 1 3 4 9 
16 12 13 11 15 
    10     

no swap
    8     
14 2 5 6 0 
7 1 3 4 9 
16 12 13 11 15 
    10     

swap
    8     
7 2 5 6 0 
14 1 3 4 9 
16 12 13 11 15 
    10     

swap
    8     
2 7 5 6 0 
14 1 3 4 9 
16 12 13 11 15 
    10     

swap
    8     
2 5 7 6 0 
14 1 3 4 9 
16 12 13 11 15 
    10     

swap
    8     
2 5 6 7 0 
14 1 3 4 9 
16 12 13 11 15 
    10     

no swap
    8     
2 5 6 7 0 
14 1 3 4 9 
16 12 13 11 15 
    10     

swap
    6     
2 5 8 7 0 
14 1 3 4 9 
16 12 13 11 15 
    10     

swap
    6     
2 5 7 8 0 
14 1 3 4 9 
16 12 13 11 15 
    10     

no swap
    6     
2 5 7 8 0 
14 1 3 4 9 
16 12 13 11 15 
    10     

no swap
    6     
2 5 7 8 0 
14 1 3 4 9 
16 12 13 11 15 
    10     

no swap
    6     
2 5 7 8 0 
14 1 3 4 9 
16 12 13 11 15 
    10     

swap
    6     
2 5 7 8 0 
14 1 3 4 9 
16 12 10 11 15 
    13     

swap
    6     
2 5 7 8 0 
14 1 10 4 9 
16 12 3 11 15 
    13     

swap
    6     
2 5 10 8 0 
14 1 7 4 9 
16 12 3 11 15 
    13     

swap
    6     
2 5 8 10 0 
14 1 7 4 9 
16 12 3 11 15 
    13     

no swap
    6     
2 5 8 10 0 
14 1 7 4 9 
16 12 3 11 15 
    13     

swap
    6     
2 5 8 10 0 
14 1 7 11 9 
16 12 3 4 15 
    13     

swap
    6     
2 5 8 11 0 
14 1 7 10 9 
16 12 3 4 15 
    13     

no swap
    6     
2 5 8 11 0 
14 1 7 10 9 
16 12 3 4 15 
    13     

swap
    6     
2 5 8 11 0 
14 12 7 10 9 
16 1 3 4 15 
    13     

swap
    6     
2 12 8 11 0 
14 5 7 10 9 
16 1 3 4 15 
    13     

swap
    6     
2 8 12 11 0 
14 5 7 10 9 
16 1 3 4 15 
    13     

swap
    6     
2 8 11 12 0 
14 5 7 10 9 
16 1 3 4 15 
    13     

no swap
    6     
2 8 11 12 0 
14 5 7 10 9 
16 1 3 4 15 
    13     

swap
    6     
2 8 11 12 0 
14 5 7 10 9 
16 1 13 4 15 
    3     

swap
    6     
2 8 11 12 0 
14 5 13 10 9 
16 1 7 4 15 
    3     

swap
    6     
2 8 13 12 0 
14 5 11 10 9 
16 1 7 4 15 
    3     

swap
    6     
2 8 12 13 0 
14 5 11 10 9 
16 1 7 4 15 
    3     

no swap
    6     
2 8 12 13 0 
14 5 11 10 9 
16 1 7 4 15 
    3     

swap
    6     
14 8 12 13 0 
2 5 11 10 9 
16 1 7 4 15 
    3     

swap
    6     
8 14 12 13 0 
2 5 11 10 9 
16 1 7 4 15 
    3     

swap
    6     
8 12 14 13 0 
2 5 11 10 9 
16 1 7 4 15 
    3     

swap
    6     
8 12 13 14 0 
2 5 11 10 9 
16 1 7 4 15 
    3     

no swap
    6     
8 12 13 14 0 
2 5 11 10 9 
16 1 7 4 15 
    3     

swap
    6     
8 12 13 14 0 
2 5 11 10 15 
16 1 7 4 9 
    3     

no swap
    6     
8 12 13 14 0 
2 5 11 10 15 
16 1 7 4 9 
    3     

swap
    6     
8 12 13 14 0 
16 5 11 10 15 
2 1 7 4 9 
    3     

swap
    6     
16 12 13 14 0 
8 5 11 10 15 
2 1 7 4 9 
    3     

swap
    6     
12 16 13 14 0 
8 5 11 10 15 
2 1 7 4 9 
    3     

swap
    6     
12 13 16 14 0 
8 5 11 10 15 
2 1 7 4 9 
    3     

swap
    6     
12 13 14 16 0 
8 5 11 10 15 
2 1 7 4 9 
    3     

